id,release_date,movie,production_budget,domestic_gross,worldwide_gross,total_gross,net_gross
1,"Dec 18, 2009",Avatar,425000000,760507625,2776345279,3536852904,3111852904
6,"Dec 18, 2015",Star Wars Ep. VII: The Force Awakens,306000000,936662225,2053311220,2989973445,2683973445
43,"Dec 19, 1997",Titanic,200000000,659363944,2208208395,2867572339,2667572339
7,"Apr 27, 2018",Avengers: Infinity War,300000000,678815482,2048134200,2726949682,2426949682
34,"Jun 12, 2015",Jurassic World,215000000,652270625,1648854864,2301125489,2086125489
27,"May 4, 2012",The Avengers,225000000,623279547,1517935897,2141215444,1916215444
42,"Feb 16, 2018",Black Panther,200000000,700059566,1348258224,2048317790,1848317790
67,"Apr 3, 2015",Furious 7,190000000,353007020,1518722794,1871729814,1681729814
44,"Jun 15, 2018",Incredibles 2,200000000,608581744,1242520711,1851102455,1651102455
5,"Dec 15, 2017",Star Wars Ep. VIII: The Last Jedi,317000000,620181382,1316721747,1936903129,1619903129
35,"Mar 17, 2017",Beauty and the Beast,160000000,504014165,1259199706,1763213871,1603213871
61,"Jul 15, 2011",Harry Potter and the Deathly Hallows: Part II,125000000,381193157,1341693157,1722886314,1597886314
13,"Jun 22, 2018",Jurassic World: Fallen Kingdom,170000000,417719760,1305772799,1723492559,1553492559
4,"May 1, 2015",Avengers: Age of Ultron,330600000,459005868,1403013963,1862019831,1531419831
56,"Nov 22, 2013",Frozen,150000000,400738009,1272469910,1673207919,1523207919
26,"Dec 17, 2003",The Lord of the Rings: The Return of the King,94000000,377845905,1141403341,1519249246,1425249246
48,"May 3, 2013",Iron Man 3,200000000,408992272,1215392272,1624384544,1424384544
73,"Jul 10, 2015",Minions,74000000,336045770,1160336173,1496381943,1422381943
4,"May 19, 1999",Star Wars Ep. I: The Phantom Menace,115000000,474544677,1027044677,1501589354,1386589354
45,"Dec 16, 2016",Rogue One: A Star Wars Story,200000000,532177324,1049102856,1581280180,1381280180
96,"Mar 8, 2019",Captain Marvel,175000000,426525952,1123061550,1549587502,1374587502
25,"Jun 11, 1993",Jurassic Park,63000000,395708305,1038812584,1434520889,1371520889
75,"Jul 18, 2008",The Dark Knight,185000000,533720947,1001996207,1535717154,1350717154
9,"Jun 15, 1994",The Lion King,79300000,421785283,986214868,1408000151,1328700151
36,"Dec 21, 2018",Aquaman,160000000,335061807,1146894640,1481956447,1321956447
93,"May 19, 2004",Shrek 2,70000000,441226247,937008132,1378234379,1308234379
46,"Jun 17, 2016",Finding Dory,200000000,486295561,1021215193,1507510754,1307510754
17,"May 6, 2016",Captain America: Civil War,250000000,408084349,1140069413,1548153762,1298153762
47,"Jun 18, 2010",Toy Story 3,200000000,415004880,1068879522,1483884402,1283884402
64,"Jun 29, 2011",Transformers: Dark of the Moon,195000000,352390543,1123790543,1476181086,1281181086
38,"Dec 20, 2017",Jumanji: Welcome to the Jungle,90000000,404508916,964496193,1369005109,1279005109
22,"Jul 3, 2013",Despicable Me 2,76000000,368065385,975216835,1343282220,1267282220
28,"Jul 7, 2006",Pirates of the Caribbean: Dead Manâs Chest,225000000,423315812,1066215812,1489531624,1264531624
11,"Jul 20, 2012",The Dark Knight Rises,275000000,448139099,1084439099,1532578198,1257578198
65,"May 25, 1977",Star Wars Ep. IV: A New Hope,11000000,460998007,786598007,1247596014,1236596014
30,"Jun 30, 2017",Despicable Me 3,75000000,264624300,1034727750,1299352050,1224352050
25,"May 30, 2003",Finding Nemo,94000000,380529370,936429370,1316958740,1222958740
26,"Jun 11, 1982",ET: The Extra-Terrestrial,10500000,435110554,792965326,1228075880,1217575880
52,"Nov 8, 2012",Skyfall,200000000,304360277,1110526981,1414887258,1214887258
57,"Mar 4, 2016",Zootopia,150000000,341268248,1019429616,1360697864,1210697864
23,"Apr 14, 2017",The Fate of the Furious,250000000,225764765,1234846267,1460611032,1210611032
27,"Dec 18, 2002",The Lord of the Rings: The Two Towers,94000000,342548984,934699645,1277248629,1183248629
26,"Jul 8, 2016",The Secret Life of Pets,75000000,368384330,886750534,1255134864,1180134864
63,"Nov 16, 2001",Harry Potter and the Sorcererâs Stone,125000000,317871467,975047606,1292919073,1167919073
51,"Mar 5, 2010",Alice in Wonderland,200000000,334191110,1025491110,1359682220,1159682220
38,"Nov 22, 2013",The Hunger Games: Catching Fire,130000000,424668047,864868047,1289536094,1159536094
97,"Apr 15, 2016",The Jungle Book,175000000,364001123,962854547,1326855670,1151855670
37,"Jun 27, 2014",Transformers: Age of Extinction,210000000,245439076,1104039076,1349478152,1139478152
64,"Nov 19, 2010",Harry Potter and the Deathly Hallows: Part I,125000000,296131568,960431568,1256563136,1131563136
5,"May 19, 2005",Star Wars Ep. III: Revenge of the Sith,115000000,380270577,848998877,1229269454,1114269454
56,"Feb 12, 2016",Deadpool,58000000,363070709,801025593,1164096302,1106096302
43,"Dec 19, 2001",The Lord of the Rings: The Fellowship of the Ring,109000000,315544750,887210985,1202755735,1093755735
19,"May 3, 2002",Spider-Man,139000000,403706375,821706375,1225412750,1086412750
58,"Jul 11, 2007",Harry Potter and the Order of the Phoenix,150000000,292137260,943076457,1235213717,1085213717
55,"Jun 2, 2017",Wonder Woman,150000000,412563408,821133378,1233696786,1083696786
19,"Dec 14, 2012",The Hobbit: An Unexpected Journey,250000000,303003568,1017003568,1320007136,1070007136
84,"Nov 2, 2018",Bohemian Rhapsody,55000000,216303339,894985342,1111288681,1056288681
49,"May 5, 2017",Guardians of the Galaxy Vol 2,200000000,389813101,862316233,1252129334,1052129334
27,"Jul 2, 1996",Independence Day,75000000,306169255,817400878,1123570133,1048570133
64,"Nov 15, 2002",Harry Potter and the Chamber of Secrets,100000000,262233381,879225135,1141458516,1041458516
99,"Jul 7, 2017",Spider-Man: Homecoming,175000000,334201140,880166350,1214367490,1039367490
59,"Nov 18, 2005",Harry Potter and the Goblet of Fire,150000000,290201752,897099794,1187301546,1037301546
98,"Jun 19, 2015",Inside Out,175000000,356461711,854235992,1210697703,1035697703
36,"Jun 24, 2009",Transformers: Revenge of the Fallen,210000000,402111870,836519699,1238631569,1028631569
38,"Mar 23, 2012",The Hunger Games,80000000,408010692,677923379,1085934071,1005934071
15,"May 18, 2018",Deadpool 2,110000000,324591735,786680557,1111272292,1001272292
24,"Sep 8, 2017",It,35000000,327481748,697457969,1024939717,989939717
20,"Jul 15, 2009",Harry Potter and the Half-Blood Prince,250000000,302089278,935213767,1237303045,987303045
25,"Nov 16, 2012","The Twilight Saga: Breaking Dawn, Part 2",136200000,292324737,829724737,1122049474,985849474
82,"Nov 3, 2017",Thor: Ragnarok,180000000,315058289,846980024,1162038313,982038313
62,"Nov 21, 2014",The Hunger Games: Mockingjay - Part 1,125000000,337135885,766575131,1103711016,978711016
16,"May 4, 2007",Spider-Man 3,258000000,336530303,894860230,1231390533,973390533
8,"May 24, 2007",Pirates of the Caribbean: At Worldâs End,300000000,309420425,963420425,1272840850,972840850
37,"May 17, 2007",Shrek the Third,160000000,322719944,807330936,1130050880,970050880
21,"Dec 13, 2013",The Hobbit: The Desolation of Smaug,250000000,258366855,960366855,1218733710,968733710
50,"Jun 30, 2004",Spider-Man 2,200000000,373524485,795110670,1168635155,968635155
60,"Feb 25, 2004",The Passion of the Christ,25000000,370782930,622341924,993124854,968124854
38,"Jul 16, 2010",Inception,160000000,292576195,835524642,1128100837,968100837
43,"Jul 1, 2009",Ice Age: Dawn of the Dinosaurs,90000000,196573705,859701857,1056275562,966275562
86,"Nov 13, 1991",Beauty and the Beast,20000000,376057266,608431132,984488398,964488398
82,"Jul 6, 1994",Forrest Gump,55000000,330151138,679850637,1010001775,955001775
3,"Oct 5, 2018",Venom,116000000,213511408,853628605,1067140013,951140013
22,"Dec 17, 2014",The Hobbit: The Battle of the Five Armies,250000000,255119788,945577621,1200697409,950697409
18,"Mar 25, 2016",Batman v Superman: Dawn of Justice,250000000,330360194,867500281,1197860475,947860475
14,"Jul 13, 2012",Ice Age: Continental Drift,95000000,161321843,879765137,1041086980,946086980
53,"Jun 30, 2010",The Twilight Saga: Eclipse,68000000,300531751,706102828,1006634579,938634579
82,"Nov 20, 2009",The Twilight Saga: New Moon,50000000,296623634,687557727,984181361,934181361
14,"Aug 1, 2014",Guardians of the Galaxy,170000000,333172112,770867516,1104039628,934039628
75,"Aug 6, 1999",The Sixth Sense,40000000,293506292,672806292,966312584,926312584
76,"May 22, 2008",Indiana Jones and the Kingdom of the Crystal Skull,185000000,317101119,786635413,1103736532,918736532
39,"Jun 4, 2004",Harry Potter and the Prisoner of Azkaban,130000000,249757726,796907323,1046665049,916665049
100,"Aug 5, 2016",Suicide Squad,175000000,325100054,746059887,1071159941,896159941
54,"Jul 2, 2007",Transformers,151000000,319246193,708272592,1027518785,876518785
2,"May 20, 2011",Pirates of the Caribbean: On Stranger Tides,410600000,241063875,1045663875,1286727750,876127750
60,"May 15, 2003",The Matrix Reloaded,150000000,281553689,738576929,1020130618,870130618
40,"May 24, 2013",Fast and Furious 6,160000000,238679850,789300444,1027980294,867980294
65,"May 19, 2006",The Da Vinci Code,125000000,217536138,767820459,985356597,860356597
16,"Oct 4, 2013",Gravity,110000000,274092705,693698673,967791378,857791378
85,"Nov 18, 2016",Fantastic Beasts and Where to Find Them,180000000,234037575,802402853,1036440428,856440428
6,"May 16, 2002",Star Wars Ep. II: Attack of the Clones,115000000,310676740,656695615,967372355,852372355
1,"May 29, 2009",Up,175000000,293004164,731463377,1024467541,849467541
84,"May 25, 1983",Star Wars Ep. VI: Return of the Jedi,32500000,309205079,572705079,881910158,849410158
57,"Nov 18, 2011","The Twilight Saga: Breaking Dawn, Part 1",127500000,281287133,689420051,970707184,843207184
57,"Dec 25, 2014",American Sniper,58000000,350126372,547326372,897452744,839452744
2,"Nov 22, 2017",Coco,175000000,209726015,798008101,1007734116,832734116
83,"Dec 9, 2005","The Chronicles of Narnia: The Lion, the Witch and the Wardrobe",180000000,291710957,720539572,1012250529,832250529
27,"May 21, 2010",Shrek Forever After,165000000,238736787,756244673,994981460,829981460
29,"Dec 21, 2016",Sing,75000000,270329045,634454789,904783834,829783834
92,"Jul 27, 2018",Mission: ImpossibleâFallout,178000000,220159104,787456552,1007615656,829615656
84,"May 30, 2014",Maleficent,180000000,241407328,758536735,999944063,819944063
97,"Jun 8, 2012",Madagascar 3: Europe's Most Wanted,145000000,216391482,746921271,963312753,818312753
53,"Jun 21, 2013",Monsters University,200000000,268488329,743588329,1012076658,812076658
16,"Apr 4, 2014",Captain America: The Winter Soldier,170000000,259746958,714401889,974148847,804148847
68,"May 21, 1980",Star Wars Ep. V: The Empire Strikes Back,23000000,290271960,534161334,824433294,801433294
6,"Jul 9, 2003",Pirates of the Caribbean: The Curse of the Black Pearl,140000000,305411224,634954103,940365327,800365327
31,"Jul 3, 2012",The Amazing Spider-Man,220000000,262030663,757890267,1019920930,799920930
33,"Nov 5, 2004",The Incredibles,92000000,261441092,614726752,876167844,784167844
55,"May 23, 2014",X-Men: Days of Future Past,200000000,233921534,747862775,981784309,781784309
10,"Nov 6, 2015",Spectre,300000000,200074175,879620923,1079695098,779695098
46,"Oct 2, 2015",The Martian,108000000,228433663,655271443,883705106,775705106
31,"May 22, 1997",The Lost World: Jurassic Park,75000000,229086679,618638999,847725678,772725678
32,"Mar 31, 2006",Ice Age: The Meltdown,75000000,195330621,651899282,847229903,772229903
39,"Nov 20, 2015",The Hunger Games: Mockingjay - Part 2,160000000,281723902,648986787,930710689,770710689
15,"May 7, 2010",Iron Man 2,170000000,312433331,621156389,933589720,763589720
39,"May 26, 2011",The Hangover Part II,80000000,254464305,586464305,840928610,760928610
98,"Dec 16, 2011",Mission: ImpossibleâGhost Protocol,145000000,209397903,694713230,904111133,759111133
17,"Jul 11, 2014",Dawn of the Planet of the Apes,170000000,208545589,710644566,919190155,749190155
39,"Jul 1, 1997",Men in Black,90000000,250690539,587790539,838481078,748481078
92,"Nov 16, 1990",Home Alone,15000000,285761243,476684675,762445918,747445918
28,"Nov 4, 2016",Doctor Strange,165000000,232641920,676404566,909046486,744046486
62,"Nov 23, 2016",Moana,150000000,248757044,637517365,886274409,736274409
43,"Dec 22, 2004",Meet the Fockers,60000000,279167575,516567575,795735150,735735150
7,"Nov 2, 2001","Monsters, Inc.",115000000,289423425,559757719,849181144,734181144
29,"Jun 14, 2013",Man of Steel,225000000,291045518,667999518,959045036,734045036
68,"Jul 31, 2015",Mission: ImpossibleâRogue Nation,150000000,195042377,688858992,883901369,733901369
25,"May 26, 2017",Pirates of the Caribbean: Dead Men Tell No Tales,230000000,172558876,788241137,960800013,730800013
50,"Jul 9, 2010",Despicable Me,69000000,251513985,543464573,794978558,725978558
84,"Jun 29, 2012",Ted,50000000,218665740,556016627,774682367,724682367
59,"Nov 13, 2009",2012,200000000,166112167,757677748,923789915,723789915
17,"Dec 22, 2006",Night at the Museum,110000000,250863268,579446407,830309675,720309675
41,"Jun 20, 1975",Jaws,12000000,260000000,470700000,730700000,718700000
74,"May 2, 2008",Iron Man,186000000,318604126,585171547,903775673,717775673
42,"Jun 6, 2008",Kung Fu Panda,130000000,215434591,631910531,847345122,717345122
67,"Apr 29, 2011",Fast Five,125000000,210031325,630163454,840194779,715194779
59,"Mar 3, 2017",Logan,127000000,226277068,615461394,841738462,714738462
5,"Jul 13, 1990",Ghost,22000000,217631306,517600000,735231306,713231306
56,"May 2, 2014",The Amazing Spider-Man 2,200000000,202853933,708996336,911850269,711850269
41,"Jul 6, 2018",Ant-Man and the Wasp,130000000,216648740,623144660,839793400,709793400
29,"Nov 7, 2014",Big Hero 6,165000000,222527828,652127828,874655656,709655656
83,"May 18, 2001",Shrek,50000000,267655011,491812794,759467805,709467805
36,"Jun 29, 2005",War of the Worlds,132000000,234280354,606836535,841116889,709116889
25,"Jun 5, 2009",The Hangover,35000000,277322503,465764086,743086589,708086589
68,"Jul 18, 2008",Mamma Mia!,52000000,144130063,615748772,759878835,707878835
28,"Nov 9, 2018",Dr. Seussâ The Grinch,75000000,270620950,511002426,781623376,706623376
63,"Jul 1, 2008",Hancock,150000000,227946274,624234272,852180546,702180546
66,"Nov 8, 2013",Thor: The Dark World,150000000,206362140,644602516,850964656,700964656
78,"Feb 13, 2015",Fifty Shades of Grey,40000000,166167230,570998101,737165331,697165331
33,"Nov 11, 1992",Aladdin,28000000,217350219,504050219,721400438,693400438
61,"Dec 14, 2007",I am Legend,150000000,256393010,585532684,841925694,691925694
32,"Nov 5, 2014",Interstellar,165000000,188017894,666379375,854397269,689397269
81,"May 24, 2019",Aladdin,182000000,246734314,619234314,865968628,683968628
65,"Jun 29, 2007",Ratatouille,150000000,206445654,626549695,832995349,682995349
74,"May 26, 2011",Kung Fu Panda 2,150000000,165249063,664837547,830086610,680086610
33,"May 27, 2005",Madagascar,75000000,193595521,556559566,750155087,675155087
40,"Nov 19, 1999",Toy Story 2,90000000,245852179,511358276,757210455,667210455
60,"Nov 17, 2006",Casino Royale,102000000,167365000,594420283,761785283,659785283
44,"Feb 7, 2014",The Lego Movie,60000000,257784718,457729388,715514106,655514106
82,"May 10, 1996",Twister,88000000,241688385,495700000,737388385,649388385
99,"Jun 13, 2014",How to Train Your Dragon 2,145000000,177002924,614586270,791589194,646589194
42,"Dec 26, 1973",The Exorcist,12000000,230347346,428214478,658561824,646561824
37,"May 23, 2003",Bruce Almighty,81000000,242704995,484468608,727173603,646173603
84,"May 24, 2000",Mission: Impossible 2,120000000,215409889,549588516,764998405,644998405
13,"Mar 13, 2015",Cinderella,95000000,201151353,534551353,735702706,640702706
80,"Jul 27, 2007",The Simpsons Movie,72500000,183135014,527071022,710206036,637706036
71,"Jul 24, 1998",Saving Private Ryan,65000000,216335085,485035085,701370170,636370170
94,"Jun 9, 2006",Cars,70000000,244082982,461651246,705734228,635734228
61,"Nov 24, 1993",Mrs. Doubtfire,25000000,219195051,441286003,660481054,635481054
71,"Nov 7, 2008",Madagascar: Escape 2 Africa,150000000,180174880,599680774,779855654,629855654
77,"Jul 13, 2018",Hotel Transylvania 3: Summer Vacation,65000000,167500092,527079962,694580054,629580054
27,"Jun 23, 1989",Batman,35000000,251188924,411348924,662537848,627537848
88,"Nov 21, 2012",Life of Pi,120000000,124987022,620912003,745899025,625899025
26,"Mar 22, 2013",The Croods,135000000,187168425,573068425,760236850,625236850
14,"May 24, 1989",Indiana Jones and the Last Crusade,48000000,197171806,474171806,671343612,623343612
65,"Jul 2, 1991",Terminator 2: Judgment Day,100000000,203464105,515419827,718883932,618883932
35,"May 25, 2012",Men in Black 3,215000000,179020854,654213485,833234339,618234339
70,"May 28, 2004",The Day After Tomorrow,125000000,186740799,556319450,743060249,618060249
42,"Dec 25, 2009",Sherlock Holmes,90000000,209028679,498438212,707466891,617466891
8,"Jul 1, 1998",Armageddon,140000000,201578182,554600000,756178182,616178182
5,"Oct 5, 2018",A Star is Born,36000000,215288866,433449571,648738437,612738437
60,"Nov 16, 2018",Fantastic Beasts: The Crimes of Grindelwald,200000000,159555901,652220086,811775987,611775987
48,"Apr 19, 2002",My Big Fat Greek Wedding,5000000,241438208,374890034,616328242,611328242
77,"Jun 22, 2012",Brave,185000000,237282182,554606532,791888714,606888714
45,"Mar 9, 2007",300,60000000,210614939,454161935,664776874,604776874
69,"Dec 16, 2011",Sherlock Holmes: A Game of Shadows,125000000,186848418,535663443,722511861,597511861
72,"Mar 23, 1990",Pretty Woman,14000000,178406268,432645872,611052140,597052140
20,"Jul 29, 2011",The Smurfs,110000000,142614158,563749323,706363481,596363481
95,"Dec 23, 2009",Alvin and the Chipmunks: The Squeakquel,70000000,219614612,443483213,663097825,593097825
25,"Nov 9, 1990",Dances with Wolves,19000000,184208842,424200000,608408842,589408842
68,"Dec 15, 1939",Gone with the Wind,3900000,198680470,390525192,589205662,585305662
9,"Nov 17, 2017",Justice League,300000000,229024295,655945209,884969504,584969504
27,"Dec 25, 2015",The Revenant,135000000,183637894,532938302,716576196,581576196
24,"Jul 3, 1985",Back to the Future,19000000,212259762,385524784,597784546,578784546
86,"Jun 27, 2008",WALL-E,180000000,223808164,532508025,756316189,576316189
88,"Dec 22, 2000",Cast Away,85000000,233632142,427230516,660862658,575862658
46,"Oct 28, 2011",Puss in Boots,130000000,149260504,554987477,704247981,574247981
87,"Jun 12, 1981",Raiders of the Lost Ark,20000000,225686079,367452079,593138158,573138158
76,"Mar 31, 1999",The Matrix,65000000,171479930,463517383,634997313,569997313
41,"May 16, 2014",Godzilla,160000000,200676069,529076069,729752138,569752138
43,"Jul 17, 2015",Ant-Man,130000000,180202163,518858449,699060612,569060612
78,"Mar 29, 2018",Ready Player One,150000000,137690172,579290136,716980308,566980308
92,"Aug 2, 2002",Signs,70702619,227969295,408269295,636238590,565535971
13,"Jun 16, 1978",Grease,6000000,181813770,387510179,569323949,563323949
18,"Jun 10, 2005",Mr. and Mrs. Smith,110000000,186336279,486124090,672460369,562460369
40,"Dec 14, 2005",King Kong,207000000,218080025,550517357,768597382,561597382
71,"Mar 31, 2017",The Boss Baby,125000000,175003033,510878762,685881795,560881795
62,"Dec 16, 1988",Rain Man,25000000,172825435,412800000,585625435,560625435
42,"Sep 25, 2015",Hotel Transylvania 2,80000000,169700110,469500298,639200408,559200408
40,"May 21, 1996",Mission: Impossible,80000000,180981886,457697994,638679880,558679880
89,"Nov 21, 2008",Twilight,37000000,192769854,402280159,595050013,558050013
92,"Dec 9, 2016",La La Land,20000000,151101803,426351163,577452966,557452966
31,"Aug 5, 2011",Rise of the Planet of the Apes,93000000,176760185,470986200,647746385,554746385
97,"Nov 26, 2010",The Kingâs Speech,15000000,138797449,430821168,569618617,554618617
57,"Jun 24, 2011",Cars 2,200000000,191450875,560155383,751606258,551606258
68,"Aug 8, 2014",Teenage Mutant Ninja Turtles,125000000,191204754,485004754,676209508,551209508
56,"Feb 22, 2019",How to Train Your Dragon: The Hidden World,129000000,160791800,519258283,680050083,551050083
3,"Nov 21, 2018",Ralph Breaks The Internet,175000000,201091711,524283695,725375406,550375406
90,"Dec 7, 2001",Ocean's Eleven,85000000,183417150,450728529,634145679,549145679
30,"Mar 26, 2010",How to Train Your Dragon,165000000,217581232,494870992,712452224,547452224
78,"Mar 10, 2017",Kong: Skull Island,185000000,168052812,561072059,729124871,544124871
83,"Jul 25, 2014",Lucy,40000000,126573960,457507776,584081736,544081736
69,"Jun 21, 2013",World War Z,190000000,202359711,531514650,733874361,543874361
56,"May 5, 2000",Gladiator,103000000,187683805,457683805,645367610,542367610
40,"Aug 3, 2007",The Bourne Ultimatum,130000000,227471070,444043396,671514466,541514466
46,"Apr 15, 2011",Rio,90000000,143619809,487519809,631139618,541139618
69,"Jul 21, 2017",Dunkirk,150000000,190068280,499837368,689905648,539905648
10,"May 4, 2001",The Mummy Returns,98000000,202007640,435040395,637048035,539048035
93,"Dec 5, 1984",Beverly Hills Cop,15000000,234760478,316300000,551060478,536060478
64,"Jul 15, 2005",Charlie and the Chocolate Factory,150000000,206459076,475825484,682284560,532284560
72,"Apr 1, 2010",Clash of the Titans,125000000,163214888,493214888,656429776,531429776
26,"Nov 14, 2008",Quantum of Solace,230000000,169368427,591692078,761060505,531060505
15,"Nov 24, 2010",Tangled,260000000,200821936,586477240,787299176,527299176
26,"Nov 20, 2009",The Blind Side,35000000,255959475,305705794,561665269,526665269
37,"Nov 22, 1995",Toy Story,30000000,191796233,364545516,556341749,526341749
78,"Dec 25, 2012",Les Miserables,65000000,148809770,442169052,590978822,525978822
54,"Mar 8, 2013",Oz the Great and Powerful,200000000,234770996,490359051,725130047,525130047
83,"Dec 14, 2007",Alvin and the Chipmunks,55000000,217326974,362605033,579932007,524932007
6,"Jul 15, 1998",There's Something About Mary,22000000,176484651,369884651,546369302,524369302
94,"May 16, 1986",Top Gun,15000000,179800601,356799634,536600235,521600235
11,"Jan 29, 2016",Kung Fu Panda 3,140000000,143528619,517599142,661127761,521127761
31,"Nov 2, 2012",Wreck-It Ralph,165000000,189412677,496511521,685924198,520924198
93,"May 27, 2016",X-Men: Apocalypse,178000000,155442489,542537546,697980035,519980035
33,"Jun 21, 2017",Transformers: The Last Knight,217000000,130168683,602893340,733062023,516062023
69,"Dec 25, 2012",Django Unchained,100000000,162805434,449948323,612753757,512753757
89,"Nov 20, 1992",Home Alone 2: Lost in New York,20000000,173585516,358994850,532580366,512580366
74,"Nov 12, 2008",Slumdog Millionaire,14000000,141330703,384530440,525861143,511861143
69,"May 30, 2008",Sex and the City,57500000,152647258,415247258,567894516,510394516
68,"Nov 25, 1992",The Bodyguard,25000000,121945720,410899039,532844759,507844759
36,"Jun 8, 1984",Ghostbusters,30000000,242212467,295212467,537424934,507424934
68,"May 16, 2013",Star Trek Into Darkness,190000000,228778661,467381584,696160245,506160245
86,"Jun 14, 1991",Robin Hood: Prince of Thieves,50000000,165493908,390500000,555993908,505993908
66,"Apr 6, 2018",A Quiet Place,17000000,188024361,334522294,522546655,505546655
7,"May 8, 2009",Star Trek,140000000,257730019,386839614,644569633,504569633
19,"May 29, 2015",San Andreas,110000000,155190832,456258539,611449371,501449371
89,"Nov 17, 2006",Happy Feet,85000000,198000317,385000317,583000634,498000634
63,"Mar 2, 2012",Doctor Seuss' The Lorax,67500000,214030500,350976753,565007253,497507253
74,"Mar 15, 2002",Ice Age,65000000,176387405,386116343,562503748,497503748
42,"Feb 19, 2016",Mei Ren Yu,60720000,3229457,554516671,557746128,497026128
94,"Aug 10, 2018",The Meg,178000000,145443742,529530715,674974457,496974457
66,"May 2, 2003",X-Men 2,125000000,214949694,406875536,621825230,496825230
53,"May 25, 2001",Pearl Harbor,151500000,198539855,449239855,647779710,496279710
49,"Apr 11, 2014",Rio 2,130000000,131538435,492846291,624384726,494384726
27,"Sep 26, 1986",Crocodile Dundee,8800000,174803506,328203506,503007012,494207012
28,"Aug 6, 1993",The Fugitive,44000000,183875760,353715317,537591077,493591077
9,"Jul 3, 2002",Men in Black 2,140000000,190418803,441767803,632186606,492186606
72,"Dec 15, 2000",What Women Want,65000000,182805123,374105123,556910246,491910246
44,"May 7, 1999",The Mummy,80000000,155385488,416385488,571770976,491770976
62,"Dec 21, 2018",Bumblebee,102000000,127195589,465195589,592391178,490391178
90,"Nov 16, 1977",Close Encounters of the Third Kind,20000000,169100479,340800479,509900958,489900958
85,"Feb 11, 2005",Hitch,55000000,177784257,366784257,544568514,489568514
77,"Jun 11, 2010",The Karate Kid,40000000,176591618,351774938,528366556,488366556
18,"May 25, 2012",Les Intouchables,10800000,13182281,484873045,498055326,487255326
34,"May 23, 1984",Indiana Jones and the Temple of Doom,28000000,179880271,333080271,512960542,484960542
52,"Jul 14, 2017",War for the Planet of the Apes,152000000,146880162,489592267,636472429,484472429
38,"May 26, 2006",X-Men: The Last Stand,210000000,234362462,459260946,693623408,483623408
41,"Aug 3, 2001",Rush Hour 2,90000000,226164286,347425832,573590118,483590118
28,"Jun 10, 1999",Austin Powers: The Spy Who Shagged Me,35000000,206040085,312383487,518423572,483423572
83,"Nov 17, 2000",How the Grinch Stole Christmas,123000000,260044825,345141403,605186228,482186228
53,"Nov 20, 1998",A Bug's Life,45000000,162798565,363095319,525893884,480893884
70,"May 6, 2011",Thor,150000000,181030624,449326618,630357242,480357242
25,"Dec 20, 2017",The Greatest Showman,84000000,174340174,386665550,561005724,477005724
44,"Dec 14, 2018",Spider-Man: Into The Spider-Verse 3D,90000000,190173195,375381768,565554963,475554963
36,"Oct 3, 2014",Gone Girl,61000000,167767189,368567189,536334378,475334378
100,"Jun 16, 1999",Tarzan,145000000,171091819,448191819,619283638,474283638
81,"May 15, 2009",Angels & Demons,150000000,133375846,490875846,624251692,474251692
85,"Jun 13, 2014",22 Jump Street,50000000,191719337,331333876,523053213,473053213
54,"Oct 5, 2012",Taken 2,45000000,139854287,377807404,517661691,472661691
98,"Sep 15, 1999",American Beauty,15000000,130058047,356258047,486316094,471316094
67,"Dec 25, 2002",Catch Me if You Can,52000000,164606800,355612291,520219091,468219091
82,"May 14, 2004",Troy,150000000,133298577,484161265,617459842,467459842
73,"Sep 18, 1987",Fatal Attraction,14000000,156645693,320100000,476745693,462745693
86,"Jul 29, 2016",Jason Bourne,120000000,162192920,416168316,578361236,458361236
35,"Oct 1, 2004",Shark Tale,75000000,161412000,371917043,533329043,458329043
30,"Jul 18, 2001",Jurassic Park III,93000000,181166115,365900000,547066115,454066115
66,"Jul 29, 1994",The Mask,18000000,119920129,351620129,471540258,453540258
76,"Jul 15, 2005",Wedding Crashers,40000000,209218368,283218368,492436736,452436736
5,"Nov 22, 2002",Die Another Day,142000000,160942139,431942139,592884278,450884278
39,"Dec 27, 2002",Chicago,30000000,170687518,306770545,477458063,447458063
26,"Jul 25, 2002",Austin Powers in Goldmember,63000000,213117789,296338663,509456452,446456452
75,"Jun 30, 1995",Apollo 13,65000000,173772767,335802271,509575038,444575038
55,"May 27, 1994",The Flintstones,45000000,130531208,358500000,489031208,444031208
14,"May 15, 2015",Pitch Perfect 2,29000000,184296230,287625468,471921698,442921698
67,"Jul 27, 2001",Planet of the Apes,100000000,180011740,362211740,542223480,442223480
96,"Sep 28, 2012",Hotel Transylvania,85000000,148313048,378505812,526818860,441818860
86,"Oct 6, 2000",Meet the Parents,55000000,166225040,330425040,496650080,441650080
60,"Mar 2, 1965",The Sound of Music,8200000,163214286,286214286,449428572,441228572
91,"Feb 10, 2017",Fifty Shades Darker,55000000,114434010,381398492,495832502,440832502
52,"Mar 21, 1997",Liar Liar,45000000,181410615,302710615,484121230,439121230
29,"Feb 13, 2015",Kingsman: The Secret Service,94000000,128261724,404561724,532823448,438823448
79,"Jun 19, 2009",The Proposal,40000000,163958031,314709717,478667748,438667748
45,"May 28, 1999",Notting Hill,42000000,116089678,363728085,479817763,437817763
96,"Jun 22, 1988",Who Framed Roger Rabbit?,70000000,154112492,351500000,505612492,435612492
93,"Jul 19, 2013",The Conjuring,20000000,137400141,318000141,455400282,435400282
8,"Jul 26, 2013",The Wolverine,115000000,132556852,416456852,549013704,434013704
88,"Jun 10, 1995",Pocahontas,55000000,141579773,347100000,488679773,433679773
44,"Mar 27, 2015",Home,130000000,177397510,385997896,563395406,433395406
93,"Apr 3, 2009",Fast & Furious,85000000,155064265,363064265,518128530,433128530
73,"May 22, 2009",Night at the Museum: Battle of the Smithsonian,150000000,177243721,402231063,579474784,429474784
30,"May 15, 1992",Lethal Weapon 3,35000000,144731527,319700000,464431527,429431527
86,"Feb 9, 2001",Hannibal,87000000,165092266,350100280,515192546,428192546
14,"Dec 5, 2003",The Last Samurai,140000000,111110575,456810575,567921150,427921150
49,"Feb 24, 2017",Get Out,5000000,176040665,255367951,431408616,426408616
85,"May 13, 2011",Bridesmaids,32500000,169211718,289632023,458843741,426343741
46,"Dec 3, 2010",Black Swan,13000000,106954678,331266710,438221388,425221388
66,"Jun 16, 1995",Batman Forever,100000000,184031112,336529144,520560256,420560256
43,"Jun 6, 2014",The Fault in Our Stars,12000000,124872350,307166834,432039184,420039184
45,"May 19, 2006",Over the Hedge,80000000,155019340,343397247,498416587,418416587
97,"Apr 5, 2019",Shazam!,85000000,139606856,362899733,502506589,417506589
95,"Nov 17, 2017",Wonder,20000000,132422809,304604712,437027521,417027521
97,"Feb 9, 2018",Fifty Shades Freed,55000000,100407760,371350619,471758379,416758379
60,"Sep 19, 2014",The Maze Runner,34000000,102427862,348319861,450747723,416747723
77,"Nov 5, 2003",The Matrix Revolutions,150000000,139270910,427300260,566571170,416571170
33,"Jun 30, 2006",The Devil Wears Prada,35000000,124740460,326073155,450813615,415813615
26,"Jul 7, 2000",Scary Movie,19000000,157019771,277200000,434219771,415219771
87,"Dec 15, 2006",The Pursuit of Happyness,55000000,162586036,307311093,469897129,414897129
67,"Jun 15, 2005",Batman Begins,150000000,205343774,359142722,564486496,414486496
20,"Jul 1, 2003",Terminator 3: Rise of the Machines,170000000,150358296,433058296,583416592,413416592
89,"Dec 24, 1997",As Good as it Gets,50000000,148478011,314111923,462589934,412589934
97,"Feb 9, 2018",Peter Rabbit,50000000,115234093,347136477,462370570,412370570
50,"Jan 20, 2017",Split,5000000,138141585,278964806,417106391,412106391
71,"Jul 15, 1994",True Lies,100000000,146282411,365300000,511582411,411582411
85,"Nov 22, 1989",Back to the Future Part II,40000000,118450002,332000000,450450002,410450002
12,"Dec 21, 2001",A Beautiful Mind,78000000,170708996,317668058,488377054,410377054
91,"May 20, 1987",Beverly Hills Cop II,20000000,153665036,276665036,430330072,410330072
47,"May 8, 1998",Deep Impact,80000000,140464664,349464664,489929328,409929328
88,"Mar 22, 2019",Us,20000000,175006930,254210310,429217240,409217240
90,"Apr 13, 2018",Rampage,120000000,101028233,428056280,529084513,409084513
10,"Jul 22, 2011",Captain America: The First Avenger,140000000,176654505,370569776,547224281,407224281
21,"Jun 27, 2007",Live Free or Die Hard,110000000,134529403,382288147,516817550,406817550
29,"May 22, 1985",Rambo: First Blood Part II,44000000,150415432,300400000,450815432,406815432
76,"Dec 25, 2013",The Wolf of Wall Street,100000000,116900694,389870414,506771108,406771108
41,"Feb 10, 2017",The Lego Batman Movie,80000000,175750384,310660018,486410402,406410402
4,"Mar 27, 2009",Monsters vs. Aliens,175000000,198351526,381687380,580038906,405038906
54,"Sep 22, 2017",Kingsman: The Golden Circle,104000000,100234838,408803696,509038534,405038534
72,"May 1, 2009",X-Men Origins: Wolverine,150000000,179883157,374825760,554708917,404708917
68,"Nov 19, 2004",National Treasure,100000000,173005002,331323410,504328412,404328412
36,"Oct 19, 2018",Halloween,10000000,159342015,254900667,414242682,404242682
75,"Jun 8, 2012",Prometheus,125000000,126477084,402448265,528925349,403925349
92,"Jul 25, 1997",Air Force One,85000000,172956409,315268353,488224762,403224762
64,"May 9, 2014",Neighbors,18000000,150086800,270944428,421031228,403031228
53,"Nov 17, 1995",Goldeneye,60000000,106429941,356429941,462859882,402859882
49,"Dec 16, 2011",Alvin and the Chipmunks: Chipwrecked,80000000,133107389,349088523,482195912,402195912
91,"Jul 23, 2004",The Bourne Supremacy,85000000,176087450,311001124,487088574,402088574
37,"Jun 27, 2008",Wanted,75000000,134508551,342416460,476925011,401925011
41,"Aug 10, 2001",American Pie 2,30000000,145096820,286500000,431596820,401596820
76,"May 10, 2019",PokÃ©mon: Detective Pikachu,150000000,139507806,411258433,550766239,400766239
85,"Jul 8, 2005",Fantastic Four,87500000,154696080,333132750,487828830,400328830
74,"Feb 6, 2015",The SpongeBob Movie: Sponge Out of Water,74000000,162994032,311013181,474007213,400007213
55,"Sep 22, 1995",Se7en,30000000,100125643,328125643,428251286,398251286
65,"Dec 12, 2008",Gran Torino,25000000,148095302,274543085,422638387,397638387
87,"Mar 15, 1972",The Godfather,7000000,134966411,268500000,403466411,396466411
38,"Jun 7, 1996",The Rock,75000000,134069511,336069511,470139022,395139022
69,"Dec 15, 1993",Schindlerâs List,25000000,96898818,322197132,419095950,394095950
95,"Nov 10, 2017",Murder on the Orient Express,55000000,102826543,345922730,448749273,393749273
2,"Aug 11, 2017",Annabelle: Creation,15000000,102092201,305384865,407477066,392477066
97,"Jul 30, 1999",Runaway Bride,70000000,152257509,310138178,462395687,392395687
85,"Jun 30, 2000",The Perfect Storm,120000000,182618434,328711434,511329868,391329868
73,"Nov 9, 2012",Lincoln,65000000,182207973,273346281,455554254,390554254
61,"Jun 21, 2002",Minority Report,102000000,132024714,358824714,490849428,388849428
29,"Dec 22, 2010",True Grit,35000000,171243005,252276928,423519933,388519933
48,"Jul 16, 2004","I, Robot",105000000,144801023,348629585,493430608,388430608
7,"Jul 14, 1999",The Blair Witch Project,600000,140539099,248300000,388839099,388239099
74,"May 19, 1998",Godzilla,125000000,136314294,376000000,512314294,387314294
77,"May 20, 2016",The Angry Birds Movie,73000000,107509366,352327887,459837253,386837253
43,"Jun 30, 1993",The Firm,42000000,158340892,270340892,428681784,386681784
96,"Feb 14, 1991",The Silence of the Lambs,20000000,130726716,275726716,406453432,386453432
19,"Jun 1, 2012",Snow White and the Huntsman,170000000,155136755,401021746,556158501,386158501
41,"May 31, 2013",Now You See Me,75000000,117723989,342769200,460493189,385493189
71,"Nov 16, 2018",Green Book,23000000,85080171,322034439,407114610,384114610
45,"Dec 19, 2018",Mary Poppins Returns,130000000,171958438,341528518,513486956,383486956
98,"Nov 21, 2007",Enchanted,85000000,127706877,340384141,468091018,383091018
38,"Aug 15, 2018",Crazy Rich Asians,30000000,174532921,238099711,412632632,382632632
90,"Aug 7, 2013",We're the Millers,37000000,150394119,267816276,418210395,381210395
80,"May 5, 2006",Mission: Impossible III,150000000,133501348,397501348,531002696,381002696
44,"Jun 20, 1997",My Best Friend's Wedding,46000000,126813153,298923419,425736572,379736572
89,"Dec 15, 1978",Superman,55000000,134218018,300200000,434418018,379418018
36,"Jul 14, 2000",X-Men,75000000,157299717,296872367,454172084,379172084
23,"Dec 10, 2004",Ocean's Twelve,110000000,125531634,362989076,488520710,378520710
87,"Dec 13, 1996",Jerry Maguire,50000000,153952592,274000000,427952592,377952592
64,"Dec 25, 2016",Hidden Figures,25000000,169607287,231771716,401379003,376379003
54,"May 19, 1995",Die Hard: With a Vengeance,90000000,100012499,366101666,466114165,376114165
100,"Nov 8, 1996",Ransom,70000000,136492681,308700000,445192681,375192681
43,"Jun 10, 1994",Speed,30000000,121248145,283200000,404448145,374448145
75,"May 15, 2015",Mad Max: Fury Road,150000000,153636354,370098020,523734374,373734374
90,"Jun 10, 2016",The Conjuring 2: The Enfield Poltergeist,40000000,102470008,311262102,413732110,373732110
73,"Nov 4, 2016",Trolls,125000000,153707064,344150134,497857198,372857198
58,"Dec 17, 2010",Tron: Legacy,200000000,172062763,400062763,572125526,372125526
65,"Nov 3, 2006",Borat,18000000,128505958,261443242,389949200,371949200
57,"May 23, 2013",The Hangover 3,103000000,112200072,362000072,474200144,371200144
47,"Aug 13, 1942",Bambi,858000,102797000,268000000,370797000,369939000
94,"Mar 14, 2008",Horton Hears a Who,85000000,154529439,299477886,454007325,369007325
18,"Jan 9, 2015",Taken 3,48000000,89256424,327656424,416912848,368912848
18,"Dec 21, 1937",Snow White and the Seven Dwarfs,1488000,184925486,184925486,369850972,368362972
80,"Dec 13, 2013",American Hustle,40000000,150117807,257878294,407996101,367996101
86,"Dec 5, 2007",Juno,7000000,143495265,231450102,374945367,367945367
1,"Aug 21, 2009",Inglourious Basterds,70000000,120774594,316915264,437689858,367689858
48,"Dec 10, 2010",The Chronicles of Narnia: The Voyage of the Dawn Treader,155000000,104386950,418186950,522573900,367573900
48,"Dec 10, 1999",The Green Mile,60000000,136801374,290701374,427502748,367502748
99,"Jun 8, 2018",Oceanâs 8,70000000,140218711,297115976,437334687,367334687
49,"Jul 1, 2015",Terminator: Genisys,155000000,89760956,432150894,521911850,366911850
91,"Jun 26, 1998",Doctor Dolittle,71500000,144156605,294156605,438313210,366813210
58,"May 19, 2000",Dinosaur,127500000,137748063,356148063,493896126,366396126
89,"Nov 7, 2003",Elf,32000000,173840591,220678483,394519074,362519074
40,"Jun 25, 1999",Big Daddy,30000000,163479795,228641283,392121078,362121078
46,"Mar 2, 2007",Wild Hogs,60000000,168213584,253555383,421768967,361768967
5,"Jun 16, 2017",Cars 3,175000000,152901115,383541369,536442484,361442484
52,"Jul 22, 2016",Ice Age: Collision Course,105000000,64063008,402156682,466219690,361219690
34,"Jun 25, 2010",Grown Ups,75000000,162001186,272223430,434224616,359224616
70,"Dec 22, 2010",Little Fockers,100000000,148438600,310650574,459089174,359089174
13,"Mar 27, 2013",G.I. Joe: Retaliation,140000000,122523060,375740705,498263765,358263765
81,"May 17, 2019",John Wick: Chapter 3 â Parabellum,40000000,141744320,256498033,398242353,358242353
63,"Aug 10, 2011",The Help,25000000,169705587,213120004,382825591,357825591
28,"Dec 16, 1994",Dumb & Dumber,16000000,127175374,246400000,373575374,357575374
24,"Dec 19, 1997",Tomorrow Never Dies,110000000,125304276,339504276,464808552,354808552
37,"Dec 5, 1997",Good Will Hunting,10000000,138433435,225925989,364359424,354359424
45,"Jul 21, 2000",What Lies Beneath,90000000,155464351,288693989,444158340,354158340
69,"Oct 24, 2008",High School Musical 3: Senior Year,11000000,90559416,274392880,364952296,353952296
23,"Dec 11, 1998",Shakespeare in Love,26000000,100317794,279500000,379817794,353817794
28,"Nov 19, 1999",The World is Not Enough,135000000,126930660,361730660,488661320,353661320
31,"Sep 18, 1998",Rush Hour,35000000,141186864,245300000,386486864,351486864
2,"Dec 11, 1991",Hook,70000000,119654823,300854823,420509646,350509646
43,"Jun 18, 1992",Batman Returns,80000000,162833635,266824291,429657926,349657926
90,"Jun 28, 1996",The Nutty Professor,55000000,128814019,273814019,402628038,347628038
59,"Nov 16, 2012",Silver Linings Playbook,21000000,132092958,236412453,368505411,347505411
52,"Feb 19, 2010",Shutter Island,80000000,128012934,299461782,427474716,347474716
66,"Jan 30, 2009",Taken,25000000,145000989,226941585,371942574,346942574
35,"Jun 28, 2013",The Heat,43000000,159581587,229727774,389309361,346309361
76,"Feb 15, 1950",Cinderella,2900000,85000000,263591415,348591415,345691415
26,"Jun 14, 2002",Scooby-Doo,84000000,153294164,276294164,429588328,345588328
70,"Dec 11, 1992",A Few Good Men,33000000,141340178,236500000,377840178,344840178
1,"Jun 8, 2007",Ocean's Thirteen,85000000,117144465,311744465,428888930,343888930
88,"Dec 25, 2015",Daddyâs Home,50000000,150357137,242757137,393114274,343114274
10,"Feb 10, 2012",Journey 2: The Mysterious Island,79000000,103860290,318146162,422006452,343006452
24,"Jun 28, 2006",Superman Returns,232000000,200120000,374085065,574205065,342205065
95,"Mar 21, 2014",Divergent,85000000,150947895,276014965,426962860,341962860
42,"Jun 3, 2011",X-Men: First Class,160000000,146408305,355408305,501816610,341816610
11,"Nov 21, 1976",Rocky,1000000,117235147,225000000,342235147,341235147
82,"Jun 1, 2007",Knocked Up,27500000,148761765,219265952,368027717,340527717
60,"Dec 19, 2014",Night at the Museum: Secret of the Tomb,127000000,113746621,353756621,467503242,340503242
47,"Nov 5, 2010",Megamind,130000000,148415853,321887208,470303061,340303061
95,"Dec 17, 1982",Tootsie,15000000,177200000,177200000,354400000,339400000
98,"Aug 9, 2002",xXx,70000000,141930000,267200000,409130000,339130000
100,"Jan 18, 2019",Glass,20000000,111035005,245303505,356338510,336338510
35,"Aug 14, 2015",Straight Outta Compton,28000000,161197785,202182981,363380766,335380766
93,"Jun 10, 2011",Super 8,50000000,127004179,257972745,384976924,334976924
76,"May 25, 1988",Crocodile Dundee 2,14000000,109306210,239606210,348912420,334912420
84,"Oct 3, 2014",Annabelle,6500000,84273813,256862920,341136733,334636733
15,"Jun 23, 2004",Fahrenheit 9/11,6000000,119114517,221148959,340263476,334263476
49,"Jun 19, 1998",Mulan,90000000,120620254,303500000,424120254,334120254
30,"May 16, 2008",The Chronicles of Narnia: Prince Caspian,225000000,141621490,417341288,558962778,333962778
49,"Dec 17, 1999",Stuart Little,105000000,140015224,298815224,438830448,333830448
95,"Mar 17, 2000",Erin Brockovich,50000000,125548685,257805243,383353928,333353928
8,"Aug 1, 2008",The Mummy: Tomb of the Dragon Emperor,175000000,102491776,405760225,508252001,333252001
47,"Oct 6, 2006",The Departed,90000000,132384315,289660619,422044934,332044934
12,"May 25, 2018",Solo: A Star Wars Story,275000000,213767512,393151347,606918859,331918859
38,"Sep 18, 2015",Maze Runner: The Scorch Trials,61000000,81697192,310566162,392263354,331263354
47,"Dec 25, 2008",Marley & Me,60000000,143153751,247812011,390965762,330965762
49,"Jun 5, 1998",The Truman Show,60000000,125618201,264118201,389736402,329736402
15,"Oct 18, 2002",The Ring,48000000,129094024,248218486,377312510,329312510
69,"Nov 6, 1998",The Waterboy,23000000,161491646,190191646,351683292,328683292
18,"Nov 10, 2004",The Polar Express,170000000,187224605,311365187,498589792,328589792
82,"Apr 13, 2001",Bridget Jones's Diary,25000000,71500556,281527158,353027714,328027714
98,"May 26, 1995",Casper,55000000,100328194,282300000,382628194,327628194
26,"Mar 7, 2014",300: Rise of an Empire,110000000,106580051,330780051,437360102,327360102
99,"Dec 8, 2000","Crouching Tiger, Hidden Dragon",15000000,128067808,213514672,341582480,326582480
79,"Jun 21, 1996",The Hunchback of Notre Dame,100000000,100138851,325500000,425638851,325638851
44,"Jul 9, 1999",American Pie,12000000,101800948,234723148,336524096,324524096
51,"Mar 28, 2014",Noah,130000000,101200044,352831065,454031109,324031109
33,"Mar 30, 1990",Teenage Mutant Ninja Turtles,13500000,135265915,202000000,337265915,323765915
72,"Jul 12, 2013",Pacific Rim,190000000,101802906,411002906,512805812,322805812
33,"Jun 24, 2016",Independence Day: Resurgence,165000000,103144286,384169424,487313710,322313710
52,"Dec 21, 2011",The Adventures of Tintin,130000000,77591831,373993951,451585782,321585782
70,"Nov 8, 2002",8 Mile,41000000,116724075,245768384,362492459,321492459
96,"Nov 25, 1987",3 Men and a Baby,15000000,167780960,167780960,335561920,320561920
27,"Jun 2, 1989",Dead Poets Society,16400000,95860116,239500000,335360116,318960116
24,"Feb 14, 2019",Alita: Battle Angel,170000000,85710210,402976036,488686246,318686246
27,"Oct 12, 2012",Argo,44500000,136025503,227140757,363166260,318666260
37,"Nov 26, 2014",Penguins of Madagascar,132000000,83350911,366942531,450293442,318293442
13,"Sep 27, 2013",Cloudy with a Chance of Meatballs 2,78000000,119793567,274392649,394186216,316186216
80,"Jun 1, 1990",Total Recall,65000000,119394839,261400000,380794839,315794839
22,"Mar 20, 2015",The Divergent Series: Insurgent,110000000,130179072,295075882,425254954,315254954
14,"Dec 25, 1973",The Sting,5500000,159616327,159616327,319232654,313732654
100,"Dec 9, 1988",Twins,15000000,111936388,216600000,328536388,313536388
54,"Jun 22, 2001",The Fast and the Furious,38000000,144512310,206512310,351024620,313024620
62,"Oct 14, 1994",Pulp Fiction,8000000,107928762,212928762,320857524,312857524
46,"Jun 10, 2016",Warcraft,160000000,47225655,425522281,472747936,312747936
7,"Nov 11, 1994",The Santa Clause,22000000,144833357,189800000,334633357,312633357
46,"Jun 21, 2002",Lilo & Stitch,80000000,145771527,245800000,391571527,311571527
53,"Dec 12, 2003",Something's Gotta Give,80000000,124685242,266685242,391370484,311370484
28,"Jun 15, 2001",Lara Croft: Tomb Raider,94000000,131144183,273330185,404474368,310474368
79,"Jul 22, 2016",Star Trek Beyond,185000000,158848340,335802233,494650573,309650573
33,"Jul 31, 2013",The Smurfs 2,110000000,71017784,348547523,419565307,309565307
51,"Mar 11, 2005",Robots,80000000,128200012,260700012,388900024,308900024
25,"Dec 18, 1985",Out of Africa,31000000,79096868,258210860,337307728,306307728
20,"Jan 16, 2009",Paul Blart: Mall Cop,26000000,146336178,185904750,332240928,306240928
51,"Oct 21, 2011",Paranormal Activity 3,5000000,104028807,207039844,311068651,306068651
70,"May 10, 2013",The Great Gatsby,190000000,144840419,351040419,495880838,305880838
15,"Jan 20, 2017",xXx: Return of Xander Cage,85000000,44898413,345033359,389931772,304931772
6,"Nov 28, 2014",The Imitation Game,15000000,91125143,227740463,318865606,303865606
90,"Aug 13, 1997",The Full Monty,3500000,45950122,261249383,307199505,303699505
50,"Sep 9, 2016",Sully,60000000,125070033,238524556,363594589,303594589
81,"Jan 22, 2016",Zhuo yao ji,56000000,32766,359495591,359528357,303528357
66,"Jun 10, 2016",Now You See Me 2,90000000,65075540,328325007,393400547,303400547
54,"Dec 15, 2004",Million Dollar Baby,30000000,100492203,231928227,332420430,302420430
59,"Jun 28, 2017",Baby Driver,34000000,107825862,228104185,335930047,301930047
93,"Sep 25, 2009",Paranormal Activity,450000,107918810,194183034,302101844,301651844
81,"Dec 18, 1998",You've Got Mail,65000000,115821495,250800000,366621495,301621495
83,"Jul 1, 2010",The Last Airbender,150000000,131772187,319713881,451486068,301486068
87,"Jun 15, 2007",Fantastic Four: Rise of the Silver Surfer,120000000,131921738,289480691,421402429,301402429
84,"Jan 27, 2017",Resident Evil: The Final Chapter,40000000,26844692,314101190,340945882,300945882
48,"Jul 12, 2013",Grown Ups 2,80000000,133668525,247023808,380692333,300692333
90,"Jul 30, 2004",The Village,71682975,114197520,257641634,371839154,300156179
59,"Jul 11, 2008",Journey to the Center of the Earth,45000000,101704370,243180937,344885307,299885307
44,"Mar 16, 2012",21 Jump Street,42000000,138447667,202812429,341260096,299260096
70,"Sep 10, 2010",Resident Evil: Afterlife,57500000,60128566,295874190,356002756,298502756
86,"Dec 15, 1995",Jumanji,65000000,100458310,262758310,363216620,298216620
72,"Nov 2, 2007",American Gangster,100000000,130164645,267985456,398150101,298150101
47,"Aug 14, 2009",District 9,30000000,115646235,212453431,328099666,298099666
56,"Dec 21, 2016",Dangal,9500000,12391761,294654618,307046379,297546379
43,"Dec 25, 2008",The Curious Case of Benjamin Button,160000000,127509326,329631958,457141284,297141284
81,"Aug 17, 2012",The Expendables 2,100000000,85028192,311979256,397007448,297007448
27,"Jun 24, 2011",Bad Teacher,19000000,100292856,215448997,315741853,296741853
88,"Jul 1, 2016",The Legend of Tarzan,180000000,126643061,348902025,475545086,295545086
79,"Nov 4, 2005",Chicken Little,150000000,135386665,310043823,445430488,295430488
65,"Jun 9, 2017",The Mummy,195000000,80101125,409953905,490055030,295055030
48,"Nov 3, 2000",Charlie's Angels,90000000,125305545,259736090,385041635,295041635
16,"May 27, 2010",Sex and the City 2,95000000,95347692,294680778,390028470,295028470
34,"Jul 8, 2011",Horrible Bosses,35000000,117538559,212417601,329956160,294956160
91,"Jun 17, 2016",Central Intelligence,50000000,127440871,217194805,344635676,294635676
95,"Jun 6, 2014",Edge of Tomorrow,178000000,100206256,370541256,470747512,292747512
42,"Feb 10, 2012",The Vow,30000000,125014030,197618160,322632190,292632190
46,"Jun 21, 2000",Chicken Run,42000000,106793915,227793915,334587830,292587830
29,"Jun 23, 2006",Click,82500000,137355633,237685089,375040722,292540722
28,"Dec 21, 2016",Passengers,110000000,100014699,302239672,402254371,292254371
99,"May 24, 1990",Back to the Future Part III,40000000,88055283,244088654,332143937,292143937
86,"Nov 21, 2008",Bolt,150000000,114053579,328015029,442068608,292068608
1,"Jun 16, 1978",Jaws 2,20000000,102922376,208900376,311822752,291822752
44,"Mar 2, 1990",The Hunt for Red October,30000000,120709866,200500000,321209866,291209866
25,"Mar 9, 1994",Four Weddings and a Funeral,4500000,52700832,242895809,295596641,291096641
61,"May 21, 2009",Terminator Salvation,200000000,125322469,365491792,490814261,290814261
50,"Nov 10, 1995",Ace Ventura: When Nature Calls,30000000,108360063,212400000,320760063,290760063
34,"Aug 13, 2010",The Expendables,82000000,103068524,268268174,371336698,289336698
22,"Mar 29, 2019",Dumbo,170000000,113883318,345004422,458887740,288887740
82,"Dec 25, 2003",Cheaper by the Dozen,40000000,138614544,190212113,328826657,288826657
38,"Oct 22, 2004",The Grudge,10000000,110359362,187281115,297640477,287640477
23,"Jun 6, 2003",2 Fast 2 Furious,76000000,127120058,236410607,363530665,287530665
67,"Aug 10, 2001",The Others,17000000,96522687,207765056,304287743,287287743
90,"Dec 25, 1998",Patch Adams,50000000,135014968,202173000,337187968,287187968
3,"Jul 3, 1990",Die Hard 2,70000000,117323878,239814025,357137903,287137903
66,"Jun 8, 1984",Gremlins,11000000,148168459,148199515,296367974,285367974
89,"Apr 15, 1983",Flashdance,7000000,90463574,201463574,291927148,284927148
77,"Dec 25, 2014",Into the Woods,56200000,128002372,213116401,341118773,284918773
97,"Feb 14, 1992",Wayne's World,20000000,121697323,183097323,304794646,284794646
16,"Dec 27, 2000",Traffic,48000000,124107476,208300000,332407476,284407476
91,"Oct 1, 2010",The Social Network,40000000,96962694,224922135,321884829,281884829
48,"Jul 18, 2003",Bad Boys II,130000000,138540870,273271982,411812852,281812852
7,"Nov 6, 2015",The Peanuts Movie,99000000,130178411,250091610,380270021,281270021
64,"Jul 28, 1978",National Lampoon's Animal House,3000000,141600000,141600000,283200000,280200000
5,"Jan 16, 2015",Paddington,55000000,76223578,258789097,335012675,280012675
8,"Jun 13, 1997",Hercules,70000000,99112101,250700000,349812101,279812101
74,"Aug 4, 1995",Babe,30000000,63658910,246100000,309758910,279758910
34,"Feb 14, 2013",A Good Day to Die Hard,92000000,67349198,304249198,371598396,279598396
96,"Nov 21, 2018",Creed II,50000000,115715889,213591522,329307411,279307411
50,"Jul 23, 2010",Salt,130000000,118311368,290650494,408961862,278961862
99,"Nov 11, 1994",Interview with the Vampire: The Vampire Chronicles,50000000,105264608,223564608,328829216,278829216
83,"Jun 5, 2015",Spy!,65000000,110825712,232585748,343411460,278411460
4,"Aug 9, 2013",Disney Planes,50000000,90282580,238059569,328342149,278342149
15,"Nov 18, 2005",Walk the Line,29000000,119519402,187707495,307226897,278226897
6,"Aug 7, 2009",G.I. Joe: The Rise of Cobra,175000000,150201498,302469017,452670515,277670515
94,"Mar 7, 2003",Bringing Down the House,20000000,132675402,164675402,297350804,277350804
88,"Jun 29, 2012",Magic Mike,7000000,113721571,170549753,284271324,277271324
3,"Nov 20, 1998",Enemy of the State,85000000,111549836,250649836,362199672,277199672
50,"Jun 20, 2008",Get Smart,80000000,130319208,226739416,357058624,277058624
70,"Feb 12, 2010",Valentine's Day,52000000,110485654,217569328,328054982,276054982
12,"Jul 10, 1998",Lethal Weapon 4,140000000,130444603,285400000,415844603,275844603
51,"Jun 14, 2002",The Bourne Identity,60000000,121468960,214357371,335826331,275826331
42,"Nov 15, 1996",The English Patient,35000000,78716374,231710008,310426382,275426382
35,"Mar 30, 2001",Spy Kids,35000000,112692062,197692062,310384124,275384124
57,"Dec 22, 2000",Miss Congeniality,45000000,106807667,213420951,320228618,275228618
78,"Apr 11, 2003",Anger Management,56000000,135560942,195660942,331221884,275221884
49,"Nov 22, 1991",The Addams Family,30000000,113502246,191502246,305004492,275004492
32,"Feb 8, 2013",Identity Thief,35000000,134506920,175361578,309868498,274868498
99,"Jul 29, 2016",Bad Moms,20000000,113257297,180998716,294256013,274256013
90,"May 28, 1993",Cliffhanger,65000000,84049211,255000000,339049211,274049211
57,"Aug 17, 2007",Superbad,17500000,121463226,169955142,291418368,273918368
21,"May 25, 1979",Alien,10700000,80930630,203628947,284559577,273859577
1,"Dec 19, 2008",Yes Man,50000000,97690976,225990976,323681952,273681952
55,"Jun 27, 1997",Face/Off,80000000,112276146,241200000,353476146,273476146
30,"Sep 30, 2016",Miss Peregrineâs Home for Peculiar Children,110000000,87242834,295986876,383229710,273229710
92,"Oct 11, 2013",Captain Phillips,55000000,107136417,220648184,327784601,272784601
69,"Jun 2, 2006",The Break-Up,52000000,118703275,205727307,324430582,272430582
55,"Sep 27, 2002",Sweet Home Alabama,38000000,127214072,182365114,309579186,271579186
50,"Nov 25, 2009",The Princess and the Frog,105000000,104400899,270997378,375398277,270398277
77,"May 24, 2013",Epic,100000000,107518682,262794441,370313123,270313123
14,"Dec 19, 1986",Platoon,6000000,137963328,137978395,275941723,269941723
75,"Nov 22, 2000",Unbreakable,73243106,94999143,248099143,343098286,269855180
73,"Nov 25, 2015",The Good Dinosaur,187500000,123087120,333771037,456858157,269358157
98,"Oct 15, 2010",Jackass 3D,20000000,117229692,171685793,288915485,268915485
76,"Aug 10, 2012",The Bourne Legacy,125000000,113203870,280355920,393559790,268559790
33,"May 27, 2005",The Longest Yard,82000000,158119460,191558505,349677965,267677965
30,"Aug 3, 1994",Clear and Present Danger,62000000,122012656,207500000,329512656,267512656
24,"Dec 21, 1990",Kindergarten Cop,26000000,91457688,202000000,293457688,267457688
17,"Oct 23, 1998",La vita Ã¨ bella,20000000,57598247,229385361,286983608,266983608
45,"Sep 20, 2002",Sen to Chihiro no Kamikakushi,19000000,10049886,274949886,284999772,265999772
2,"Nov 21, 2012",Rise of the Guardians,145000000,103412758,306900902,410313660,265313660
84,"Nov 2, 2007",Bee Movie,150000000,126631277,287594577,414225854,264225854
77,"Oct 28, 2009",Michael Jackson's This Is It,60000000,72091016,252091016,324182032,264182032
2,"Feb 28, 2014",Non-Stop,50000000,91742160,222383055,314125215,264125215
40,"May 9, 2008",What Happens in Vegas...,35000000,80277646,218535708,298813354,263813354
45,"Aug 16, 2013",Lee Daniels' The Butler,30000000,116632095,177025498,293657593,263657593
71,"Nov 6, 2009",Disneyâs A Christmas Carol,190000000,137855863,315709697,453565560,263565560
14,"Dec 15, 2017",Ferdinand,111000000,84410380,289847930,374258310,263258310
78,"Nov 7, 2003",Love Actually,45000000,59472278,248505300,307977578,262977578
67,"Jan 17, 2014",Ride Along,25000000,134202565,153733800,287936365,262936365
40,"Jan 26, 2018",Maze Runner: The Death Cure,61000000,58032443,265878536,323910979,262910979
22,"Jun 13, 2008",The Incredible Hulk,137500000,134806913,265573859,400380772,262880772
87,"Jul 17, 1998",The Mask of Zorro,65000000,93828745,233700000,327528745,262528745
85,"Jul 24, 2009",G-Force,150000000,119436770,292817841,412254611,262254611
73,"Sep 18, 2009",Cloudy with a Chance of Meatballs,100000000,124870275,236827677,361697952,261697952
1,"Dec 20, 1996",Scream,15000000,103046663,173046663,276093326,261093326
22,"Aug 19, 2005",The 40 Year-old Virgin,26000000,109449237,177344230,286793467,260793467
67,"Nov 15, 1996",Space Jam,80000000,90463534,250200000,340663534,260663534
57,"Dec 18, 1998",The Prince of Egypt,60000000,101413188,218613188,320026376,260026376
65,"Oct 20, 2010",Paranormal Activity 2,3000000,84752907,177512032,262264939,259264939
92,"Aug 9, 2013",Elysium,120000000,93050117,286192091,379242208,259242208
51,"Mar 7, 2008","10,000 B.C.",105000000,94784201,269065678,363849879,258849879
3,"Nov 13, 1992",Bram Stoker's Dracula,40000000,82522790,215862692,298385482,258385482
71,"Jun 2, 2000",Big Momma's House,33000000,117559438,173559438,291118876,258118876
58,"Aug 6, 2004",Collateral,60000000,100170152,217670152,317840304,257840304
6,"Feb 11, 2011",Gnomeo and Juliet,36000000,99967670,193737977,293705647,257705647
93,"Apr 19, 2013",Oblivion,120000000,89107235,287916633,377023868,257023868
53,"Sep 20, 1996",The First Wives Club,30000000,105489203,181489203,286978406,256978406
34,"Nov 11, 2016",Arrival,47000000,100546139,203127894,303674033,256674033
56,"Jul 24, 2009",The Ugly Truth,38000000,88915214,205298907,294214121,256214121
79,"Mar 4, 2005",The Pacifier,56000000,113006880,198006880,311013760,255013760
86,"Sep 24, 1999",Double Jeopardy,40000000,116735231,177835231,294570462,254570462
73,"Aug 11, 1973",American Graffiti,777000,115000000,140000000,255000000,254223000
50,"Nov 12, 2004",Bridget Jones: The Edge Of Reason,50000000,40203020,263894551,304097571,254097571
4,"Aug 8, 2003",S.W.A.T.,70000000,116877597,207154748,324032345,254032345
52,"Mar 5, 1999",Analyze This,30000000,106885658,176885658,283771316,253771316
7,"Jul 28, 2017",The Emoji Movie,50000000,86089513,216562312,302651825,252651825
26,"Dec 22, 1993",Philadelphia,26000000,77324422,201324422,278648844,252648844
55,"Apr 28, 2017",Baahubali 2: The Conclusion,30000000,18985794,263502914,282488708,252488708
2,"Dec 25, 2009",Itâs Complicated,85000000,112735375,224614744,337350119,252350119
48,"Jun 18, 2004",Dodgeball: A True Underdog Story,30000000,114326736,167791704,282118440,252118440
51,"Dec 20, 2011",The Girl with the Dragon Tattoo,90000000,102515793,239373970,341889763,251889763
56,"Dec 25, 2008",Bedtime Stories,80000000,110101975,221468935,331570910,251570910
68,"Jul 18, 1986",Aliens,17000000,85160248,183316455,268476703,251476703
21,"May 7, 2004",Van Helsing,170000000,120150546,300150546,420301092,250301092
33,"Dec 12, 1997",Scream 2,24000000,101363301,172363301,273726602,249726602
99,"Feb 10, 2012",Safe House,85000000,126181630,208542162,334723792,249723792
26,"Jun 29, 1979",Moonraker,31000000,70300000,210300000,280600000,249600000
92,"Dec 18, 2013",Anchorman 2: The Legend Continues,50000000,127352707,172185754,299538461,249538461
2,"Sep 23, 2005",Flightplan,55000000,89706988,214392904,304099892,249099892
67,"Jun 3, 1988",Big,18000000,114968774,151668774,266637548,248637548
3,"Oct 25, 2013",Jackass Presents: Bad Grandpa,15000000,102003019,160903019,262906038,247906038
94,"Jun 28, 2002",Mr. Deeds,50000000,126293452,171269535,297562987,247562987
78,"Jul 13, 2018",Skyscraper,125000000,68420120,304115534,372535654,247535654
84,"Nov 5, 2010",Due Date,65000000,100539043,211739043,312278086,247278086
79,"Nov 1, 2002",The Santa Clause 2,65000000,139225854,172825854,312051708,247051708
40,"Jul 20, 2007",Hairspray,75000000,118871849,203035572,321907421,246907421
85,"Dec 10, 2010",The Tourist,100000000,67631157,278731369,346362526,246362526
91,"Nov 25, 2015",Creed,37000000,109767581,173567581,283335162,246335162
30,"Dec 9, 2005",Brokeback Mountain,13900000,83043761,176980863,260024624,246124624
70,"Aug 7, 1992",Unforgiven,14400000,101157447,159157447,260314894,245914894
58,"Dec 22, 2017",Pitch Perfect 3,45000000,104897530,185736412,290633942,245633942
56,"Dec 18, 2015",Alvin and the Chipmunks: The Road Chip,90000000,85886987,249517956,335404943,245404943
61,"Jun 6, 1997",Con Air,80000000,101117573,224117573,325235146,245235146
21,"Aug 6, 2003",Freaky Friday,26000000,110222438,160822438,271044876,245044876
20,"Jun 3, 2016",Me Before You,20000000,56245075,208265198,264510273,244510273
54,"May 31, 2002",The Sum of All Fears,68000000,118471320,193500000,311971320,243971320
60,"Dec 17, 1993",The Pelican Brief,45000000,100768056,187995859,288763915,243763915
17,"Mar 29, 2002",Panic Room,48000000,95308367,196308367,291616734,243616734
51,"Aug 3, 2001",The Princess Diaries,30000000,108244774,165334774,273579548,243579548
26,"Apr 6, 2012",American Reunion,50000000,56758835,236799211,293558046,243558046
26,"Aug 24, 2007",Mr. Beanâs Holiday,25000000,33302167,234981342,268283509,243283509
86,"Jan 27, 2017",A Dogâs Purpose,25000000,64321890,203671625,267993515,242993515
39,"Feb 13, 2004",50 First Dates,75000000,120776832,196320329,317097161,242097161
70,"Mar 16, 2018",Tomb Raider,90000000,58250803,273477501,331728304,241728304
75,"Dec 17, 1974",Towering Inferno,14000000,116000000,139700000,255700000,241700000
53,"Sep 13, 2013",Insidious Chapter 2,5000000,83586447,161921515,245507962,240507962
71,"Mar 26, 2004",Scooby-Doo 2: Monsters Unleashed,25000000,84185387,181185387,265370774,240370774
23,"Jun 20, 2003",Hulk,137000000,132177234,245075434,377252668,240252668
3,"Dec 9, 1994",Disclosure,55000000,83015089,212200000,295215089,240215089
19,"Dec 1, 2017",The Shape of Water,19500000,63859435,195790794,259650229,240150229
87,"Jul 25, 2003",Spy Kids 3-D: Game Over,40000000,111760631,167851995,279612626,239612626
96,"Sep 26, 2014",The Equalizer,55000000,101530738,192903624,294434362,239434362
31,"Oct 7, 2011",Real Steel,110000000,85463309,263880341,349343650,239343650
2,"Apr 25, 2014",The Other Woman,40000000,83911193,195111193,279022386,239022386
87,"Mar 30, 2012",Wrath of the Titans,150000000,83670083,305270083,388940166,238940166
39,"Aug 26, 2016",Donât Breathe,10000000,89217875,158973685,248191560,238191560
6,"Nov 19, 1999",Sleepy Hollow,70000000,101068340,207068340,308136680,238136680
5,"Nov 16, 2011",The Descendants,20000000,82624961,175507800,258132761,238132761
76,"Aug 4, 2006",Talladega Nights: The Ballad of Ricky Bobby,73000000,148213377,162870525,311083902,238083902
58,"Feb 11, 2011",Just Go With It,80000000,103028109,214974953,318003062,238003062
68,"Dec 21, 2012",Jack Reacher,60000000,80070736,217370736,297441472,237441472
72,"Dec 12, 2008",The Day the Earth Stood Still,80000000,79366978,237370350,316737328,236737328
1,"Feb 7, 1974",Blazing Saddles,2600000,119500000,119500000,239000000,236400000
1,"Mar 7, 2014",Mr. Peabody & Sherman,145000000,111506430,269806430,381312860,236312860
14,"Dec 20, 1991",JFK,40000000,70405498,205400000,275805498,235805498
78,"Jun 21, 1996",Eraser,100000000,101295562,234400000,335695562,235695562
93,"Feb 6, 2009",He's Just Not That Into You,40000000,93953653,181053657,275007310,235007310
52,"Oct 28, 2005",Saw II,5000000,87025093,152925093,239950186,234950186
31,"Jul 17, 2013",Turbo,135000000,83028130,286896578,369924708,234924708
84,"Dec 25, 2013",Lone Survivor,40000000,125095601,149804632,274900233,234900233
45,"Dec 23, 1987",Good Morning Vietnam,13000000,123922370,123922370,247844740,234844740
98,"Feb 7, 2003",How to Lose a Guy in 10 Days,50000000,105807520,178890782,284698302,234698302
29,"Mar 4, 2011",Rango,135000000,123477607,245724600,369202207,234202207
41,"Oct 27, 2006",Saw III,10000000,80238724,163876815,244115539,234115539
59,"Jul 4, 2001",Cats & Dogs,60000000,93375151,200700000,294075151,234075151
27,"Apr 1, 2011",Hop,63000000,108085305,188657593,296742898,233742898
16,"Jun 11, 2004",Garfield: The Movie,50000000,75367693,208094550,283462243,233462243
68,"Apr 30, 1999",Entrapment,66000000,87707396,211700000,299407396,233407396
7,"Dec 14, 2001",Vanilla Sky,70000000,100614858,202726605,303341463,233341463
75,"Jul 25, 2008",Bienvenue chez les Ch'tis,16000000,1477650,247474497,248952147,232952147
6,"Sep 25, 2015",The Intern,40000000,75764672,197115710,272880382,232880382
59,"Jul 24, 2015",Pixels,90000000,78765986,244041804,322807790,232807790
20,"May 9, 1997",The Fifth Element,95000000,63570862,263898761,327469623,232469623
60,"Dec 20, 2002",Two Weeks Notice,60000000,93354918,199043309,292398227,232398227
41,"Dec 7, 2007",The Golden Compass,205000000,70107728,367262558,437370286,232370286
75,"Dec 17, 2004",Lemony Snicket's A Series of Unfortunate Events,100000000,118627117,212956024,331583141,231583141
55,"Jun 9, 2000",Gone in 60 Seconds,103300000,101643008,232643008,334286016,230986016
55,"Jun 26, 2015",Ted 2,68000000,81476385,217214143,298690528,230690528
92,"Feb 17, 2017",The Great Wall,150000000,45157105,334486852,379643957,229643957
96,"Apr 14, 2006",Scary Movie 4,40000000,90710620,178710620,269421240,229421240
2,"Oct 3, 2008",Beverly Hills Chihuahua,20000000,94514402,154218168,248732570,228732570
36,"Jul 21, 2017",Girls Trip,28000000,115108515,140886353,255994868,227994868
83,"Jun 10, 1983",Octopussy,27500000,67900000,187500000,255400000,227900000
67,"Aug 13, 2010",Eat Pray Love,60000000,80574010,206598789,287172799,227172799
63,"May 28, 2010",Prince of Persia: Sands of Time,200000000,90759676,336359676,427119352,227119352
10,"Mar 11, 2011",Battle: Los Angeles,70000000,83552429,213463976,297016405,227016405
63,"Oct 15, 2010",Red,60000000,90380162,196439693,286819855,226819855
41,"Nov 15, 1991",Cape Fear,35000000,79091969,182291969,261383938,226383938
76,"Jan 18, 2008",Cloverfield,25000000,80048433,171302226,251350659,226350659
45,"Jan 5, 2018",Insidious: The Last Key,10000000,67745330,167885588,235630918,225630918
89,"Feb 16, 2007",Ghost Rider,120000000,115802596,229545589,345348185,225348185
10,"Jun 2, 1995",The Bridges of Madison County,22000000,71516617,175516617,247033234,225033234
62,"Dec 17, 2010",Yogi Bear,80000000,100246011,204774690,305020701,225020701
93,"Jul 16, 1997",George Of The Jungle,55000000,105263257,174463257,279726514,224726514
90,"Jul 5, 1996",Phenomenon,32000000,104636382,152036382,256672764,224672764
100,"Dec 14, 2018",The Mule,50000000,103804407,170857676,274662083,224662083
83,"Dec 15, 2006",Eragon,100000000,75030163,249488115,324518278,224518278
60,"Jun 29, 2001",Artificial Intelligence: AI,90000000,78616689,235900000,314516689,224516689
6,"Mar 24, 2006",Inside Man,50000000,88634237,185798265,274432502,224432502
85,"Oct 5, 2005",Wallace & Gromit: The Curse of the Were-Rabbit,30000000,56068547,197593152,253661699,223661699
94,"Feb 10, 2017",John Wick: Chapter Two,40000000,92029184,171350009,263379193,223379193
23,"Nov 2, 2012",Flight,31000000,93772375,160558438,254330813,223330813
62,"Dec 25, 2007",The Bucket List,45000000,93466502,174807445,268273947,223273947
47,"Feb 18, 2005",Constantine,75000000,75976178,221594911,297571089,222571089
4,"Apr 10, 1998",City of Angels,55000000,78750909,198750909,277501818,222501818
54,"May 30, 2003",The Italian Job,60000000,106126012,176262839,282388851,222388851
46,"Sep 29, 2000",Remember the Titans,30000000,115654751,136706683,252361434,222361434
49,"Jun 26, 1981",For Your Eyes Only,28000000,54800000,195300000,250100000,222100000
43,"Aug 3, 2018",Christopher Robin,75000000,99215042,197504758,296719800,221719800
52,"Oct 9, 2009",Couples Retreat,60000000,109205660,172450423,281656083,221656083
14,"Oct 4, 2002",Red Dragon,78000000,92955420,206455420,299410840,221410840
88,"Jul 24, 1996",A Time to Kill,40000000,108766007,152266007,261032014,221032014
46,"Jun 18, 2004",The Terminal,75000000,77073959,218673959,295747918,220747918
60,"Dec 4, 2009",Up in the Air,30000000,83823381,166842739,250666120,220666120
27,"Jan 25, 2013",Hansel & Gretel: Witch Hunters,50000000,55703475,214949716,270653191,220653191
77,"Jun 20, 1997",Batman & Robin,125000000,107325195,238317814,345643009,220643009
100,"Jul 20, 2007",I Now Pronounce You Chuck and Larry,85000000,119725280,185708462,305433742,220433742
31,"Feb 14, 2008",Jumper,82500000,80172128,222640812,302812940,220312940
68,"Jul 13, 2001",Legally Blonde,18000000,96493426,141809235,238302661,220302661
56,"Oct 24, 2003",Scary Movie 3,45000000,110000082,155200000,265200082,220200082
45,"Nov 11, 2011",Immortals,75000000,83504017,211562435,295066452,220066452
28,"Aug 12, 2016",Sausage Party,19000000,97670358,141344255,239014613,220014613
33,"Jun 15, 1990",Dick Tracy,47000000,103738726,162738726,266477452,219477452
58,"Nov 10, 1999",Pokemon: The First Movie,30000000,85744662,163644662,249389324,219389324
47,"Jan 16, 2004",Along Came Polly,42000000,88073507,173044410,261117917,219117917
62,"Apr 10, 2009",Hannah Montana the Movie,30000000,79576189,169173206,248749395,218749395
32,"Nov 26, 1986",Star Trek IV: The Voyage Home,24000000,109713132,133000000,242713132,218713132
25,"Jun 28, 2000",The Patriot,110000000,113330342,215300000,328630342,218630342
62,"Jun 10, 2005",Hauru no ugoku shiro,24000000,4710455,237814327,242524782,218524782
65,"Aug 18, 2017",The Hitmanâs Bodyguard,30000000,75468583,172778667,248247250,218247250
83,"Jul 13, 1977",The Spy Who Loved Me,14000000,46800000,185400000,232200000,218200000
2,"Jun 23, 2010",Knight and Day,117000000,76423035,258751370,335174405,218174405
4,"Sep 14, 2012",Resident Evil: Retribution,65000000,42345531,240647629,282993160,217993160
39,"May 14, 2010",Robin Hood,210000000,105487148,322459006,427946154,217946154
29,"Jan 14, 2011",The Green Hornet,110000000,98780042,229155503,327935545,217935545
18,"Oct 18, 2013",12 Years a Slave,20000000,56671993,181025343,237697336,217697336
84,"Jun 22, 2001",Dr. Dolittle 2,72000000,112950721,176101721,289052442,217052442
56,"Oct 8, 2003",Mystic River,30000000,90135191,156822020,246957211,216957211
69,"Sep 28, 2018",Smallfoot,80000000,83240103,213691277,296931380,216931380
17,"Feb 12, 2010",Percy Jackson & the Olympians: The Lightning Thief,95000000,88768303,223050874,311819177,216819177
87,"Aug 10, 2007",Rush Hour 3,180000000,140125968,256585882,396711850,216711850
12,"Mar 20, 2009",Knowing,50000000,79957634,186450317,266407951,216407951
65,"Jun 5, 1992",Patriot Games,45000000,83287363,178100000,261387363,216387363
36,"Jul 17, 2015",Trainwreck,35000000,110212700,141123897,251336597,216336597
68,"Oct 17, 2014",Fury,80000000,85817906,210315681,296133587,216133587
84,"Jul 25, 2014",Hercules,100000000,72688614,243388614,316077228,216077228
12,"May 19, 2017",Alien: Covenant,97000000,74262031,238521247,312783278,215783278
21,"Jul 20, 2018",The Equalizer 2,77000000,102084362,190453132,292537494,215537494
8,"Sep 28, 2007",The Game Plan,22000000,90648202,146590987,237239189,215239189
76,"Mar 19, 1982",Porky's,4000000,109492484,109492484,218984968,214984968
25,"May 31, 2019",Godzilla: King of the Monsters,170000000,85576941,299276941,384853882,214853882
78,"Aug 27, 2004",Jet Li's Hero,17000000,53652140,177535958,231188098,214188098
82,"Dec 25, 2014",Unbroken,65000000,115637895,163527824,279165719,214165719
19,"Aug 28, 2009",The Final Destination,40000000,66477700,187384627,253862327,213862327
60,"Nov 19, 1975",One Flew Over the Cuckoo's Nest,4400000,108981275,108997629,217978904,213578904
37,"Nov 20, 1998",The Rugrats Movie,28000000,100494685,140894685,241389370,213389370
4,"Jul 15, 2016",Ghostbusters,144000000,128350574,229008658,357359232,213359232
81,"Nov 9, 2007",No Country for Old Men,25000000,74273505,164035753,238309258,213309258
7,"Oct 28, 1994",Stargate,55000000,71565669,196565669,268131338,213131338
67,"Dec 22, 1965",Doctor Zhivago,11000000,111897830,112036323,223934153,212934153
53,"Jun 6, 2008",You Don't Mess With the Zohan,90000000,100018837,202910991,302929828,212929828
85,"May 24, 1995",Braveheart,72000000,75545647,209045244,284590891,212590891
68,"Dec 10, 2010",The Fighter,11000000,93617009,129262388,222879397,211879397
50,"Aug 13, 2008",Tropic Thunder,90000000,110515313,191145256,301660569,211660569
9,"Dec 22, 2017",The Post,50000000,81903458,179748880,261652338,211652338
8,"Jul 16, 1993",Free Willy,20000000,77698625,153698625,231397250,211397250
55,"Jul 22, 2016",Lights Out,5000000,67268835,148806510,216075345,211075345
98,"Feb 4, 2000",Scream 3,40000000,89138076,161838076,250976152,210976152
78,"Oct 1, 1993",Cool Runnings,14000000,68856263,155056263,223912526,209912526
5,"Nov 10, 2017",Daddyâs Home 2,70000000,104029443,175807183,279836626,209836626
54,"Nov 26, 2008",Four Christmases,80000000,120146040,168311558,288457598,208457598
55,"May 9, 2003",Daddy Day Care,60000000,104148781,164285587,268434368,208434368
45,"Jul 20, 2001",America's Sweethearts,46000000,93607673,160648493,254256166,208256166
91,"Jun 27, 2003",Charlie's Angels: Full Throttle,120000000,100814328,227200000,328014328,208014328
19,"Mar 10, 1995",Outbreak,50000000,67823573,190023573,257847146,207847146
91,"Mar 18, 2011",Limitless,27000000,79249455,155564919,234814374,207814374
92,"Sep 17, 2010",The Town,37000000,92186262,152566881,244753143,207753143
57,"Jul 12, 2002",Road to Perdition,80000000,104054514,183354514,287409028,207409028
35,"Jun 24, 2005",La marche de l'empereur,3400000,77437223,133276359,210713582,207313582
69,"Jun 19, 1998",The X Files: Fight the Future,66000000,83898313,189176423,273074736,207074736
63,"Jan 18, 2008",27 Dresses,30000000,76808654,160247805,237056459,207056459
49,"Dec 8, 2000",Vertical Limit,75000000,68473360,213500000,281973360,206973360
69,"Sep 28, 2012",Looper,30000000,66486205,170466405,236952610,206952610
59,"Jul 1, 2009",Public Enemies,102500000,97104620,212282709,309387329,206887329
21,"Oct 10, 2014",Dracula Untold,70000000,55991880,220241723,276233603,206233603
39,"Mar 28, 2008",21,35000000,81159365,159846429,241005794,206005794
53,"Dec 13, 1989",Driving Miss Daisy,7500000,106593296,106593296,213186592,205686592
27,"Jul 28, 2000",Nutty Professor II: The Klumps,84000000,123307945,166307945,289615890,205615890
59,"Feb 14, 2003",Daredevil,80000000,102543518,182782518,285326036,205326036
9,"Jan 18, 2013",Mama,15000000,71628180,148095566,219723746,204723746
68,"Oct 7, 2016",The Girl on the Train,45000000,75395035,174278214,249673249,204673249
64,"Nov 23, 2011",The Muppets,45000000,88625922,160971922,249597844,204597844
37,"Mar 30, 2007",Blades of Glory,61000000,118594548,145594548,264189096,203189096
9,"Jun 17, 2011",Mr. Poppers's Penguins,55000000,68224452,189624452,257848904,202848904
100,"Dec 13, 2002",Maid in Manhattan,55000000,93932896,163838217,257771113,202771113
1,"Nov 14, 2014",Dumb and Dumber To,40000000,86208010,156553592,242761602,202761602
59,"Nov 10, 2017","Three Billboards Outside Ebbing, Missouri",12000000,54513740,160191915,214705655,202705655
35,"Dec 20, 2006",Rocky Balboa,24000000,70269899,156229050,226498949,202498949
37,"Jul 31, 1987",The Living Daylights,40000000,51185000,191200000,242385000,202385000
69,"Aug 13, 2014",Letâs Be Cops,17000000,82390774,136890774,219281548,202281548
73,"May 15, 1998",The Horse Whisperer,60000000,75383563,186883563,262267126,202267126
60,"Sep 26, 2008",Eagle Eye,80000000,101440743,180585259,282026002,202026002
9,"Mar 22, 2013",Olympus Has Fallen,70000000,98927592,172878928,271806520,201806520
71,"Sep 9, 2005",The Exorcism of Emily Rose,18000000,75072454,144529078,219601532,201601532
27,"Dec 17, 2004",The Aviator,110000000,102608827,208370892,310979719,200979719
3,"Dec 25, 1998",Stepmom,50000000,91137662,159745279,250882941,200882941
47,"Jan 12, 2001",Save the Last Dance,13000000,91038276,122244329,213282605,200282605
89,"Jul 1, 1992",A League of Their Own,40000000,107533925,132440066,239973991,199973991
3,"Sep 18, 2015",Everest,65000000,43482270,221297061,264779331,199779331
100,"Oct 14, 2016",The Accountant,40000000,86260045,152962083,239222128,199222128
69,"Apr 30, 2004",Mean Girls,18000000,86047227,130953026,217000253,199000253
83,"Dec 15, 2000",Chocolat,25000000,71309760,152500343,223810103,198810103
16,"Oct 24, 1969",Butch Cassidy and the Sundance Kid,6000000,102308900,102310653,204619553,198619553
17,"Aug 26, 1964",Mary Poppins,6000000,102272145,102272145,204544290,198544290
64,"Mar 5, 2004",Starsky & Hutch,60000000,88200225,170200225,258400450,198400450
80,"Mar 4, 2016",London Has Fallen,60000000,62524260,195194085,257718345,197718345
59,"Nov 19, 2004",SpongeBob SquarePants: The Movie,30000000,85416609,142051255,227467864,197467864
8,"Feb 8, 2019",The LEGO Movie 2: The Second Part,99000000,105806508,190325698,296132206,197132206
31,"Nov 2, 2001",Le Fabuleux destin d'AmÃ©lie Poulain,10350000,33201661,174201661,207403322,197053322
77,"Feb 5, 2010",Dear John,25000000,80014842,142033509,222048351,197048351
58,"Dec 25, 2008",Valkyrie,90000000,83107829,203932174,287040003,197040003
68,"Dec 23, 1994",Legends of the Fall,30000000,66502573,160502573,227005146,197005146
18,"Dec 27, 1995",12 Monkeys,29000000,57141459,168841459,225982918,196982918
62,"Apr 19, 2002",The Scorpion King,60000000,90580000,165890634,256470634,196470634
17,"Nov 4, 2016",Hacksaw Ridge,40000000,67209615,168904682,236114297,196114297
46,"Nov 22, 1996",Star Trek: First Contact,46000000,92027888,150000000,242027888,196027888
91,"Jun 12, 2013",This is the End,32000000,101470202,126539117,228009319,196009319
99,"Apr 9, 2010",Date Night,55000000,98711404,152269033,250980437,195980437
50,"Mar 23, 2018",Pacific Rim: Uprising,155000000,59874525,290930148,350804673,195804673
72,"Dec 29, 1965",Thunderball,9000000,63600000,141200000,204800000,195800000
1,"May 12, 1995",Crimson Tide,55000000,91387195,159387195,250774390,195774390
74,"Feb 16, 2007",Bridge to Terabithia,25000000,82234139,137984788,220218927,195218927
58,"Jan 1, 1971",Billy Jack,800000,98000000,98000000,196000000,195200000
3,"Sep 16, 2016",Bridget Jonesâs Baby,35000000,24139805,205822688,229962493,194962493
84,"Jan 21, 2011",No Strings Attached,25000000,70662220,149228078,219890298,194890298
10,"Oct 16, 2015",Bridge of Spies,40000000,72313754,162498338,234812092,194812092
66,"May 13, 2005",Monster-in-Law,45000000,82931301,155931301,238862602,193862602
16,"Dec 12, 2014",Exodus: Gods and Kings,140000000,65014513,268314513,333329026,193329026
6,"Oct 3, 2003",School of Rock,20000000,81261177,131944672,213205849,193205849
10,"Feb 5, 1999",Payback,50000000,81526121,161626121,243152242,193152242
49,"Jul 4, 2018",The First Purge,13000000,69488745,136617305,206106050,193106050
45,"Apr 20, 2012",Think Like a Man,12000000,91547205,113373764,204920969,192920969
9,"Apr 1, 2005",Sin City,40000000,74103820,158527918,232631738,192631738
38,"Jul 15, 1988",Die Hard,28000000,81350242,139109346,220459588,192459588
56,"Jun 18, 1999",The General's Daughter,60000000,102705852,149705852,252411704,192411704
32,"Jun 3, 2016",Teenage Mutant Ninja Turtles: Out of the Shadows,135000000,82051601,245328374,327379975,192379975
27,"Mar 7, 2014",The Grand Budapest Hotel,31000000,59076019,163981261,223057280,192057280
4,"Sep 29, 2006",Open Season,85000000,85105259,191932158,277037417,192037417
59,"Oct 19, 2012",Paranormal Activity 4,5000000,53900335,142817992,196718327,191718327
8,"Oct 10, 2003",Kill Bill: Volume 1,55000000,70098138,176469428,246567566,191567566
95,"Sep 12, 2008",Burn After Reading,37000000,60355347,168167798,228523145,191523145
66,"Jul 23, 1999",The Haunting,80000000,91188905,180188905,271377810,191377810
65,"Nov 26, 1997",Flubber,80000000,92993801,177993801,270987602,190987602
70,"Jul 2, 2003","Legally Blonde 2: Red, White & Blonde",25000000,90639088,125339088,215978176,190978176
94,"Jun 27, 1973",Live and Let Die,7000000,35400000,161800000,197200000,190200000
74,"Aug 6, 2010",The Other Guys,100000000,119219978,170936470,290156448,190156448
85,"Jan 11, 2019",The Upside,37500000,108235497,119024536,227260033,189760033
83,"May 20, 2011",Midnight in Paris,30000000,56816662,162502774,219319436,189319436
60,"Nov 25, 2016",Lion,12000000,51739495,149570720,201310215,189310215
59,"Feb 14, 2008",Step Up 2 the Streets,17500000,58017783,148586910,206604693,189104693
47,"Oct 26, 2007",Saw IV,10000000,63300095,135759694,199059789,189059789
77,"Jun 23, 2000","Me, Myself & Irene",51000000,90570999,149270999,239841998,188841998
13,"Mar 18, 2005",The Ring Two,50000000,75941727,161941727,237883454,187883454
42,"Jul 1, 2016",The Purge: Election Year,10000000,79042440,118514727,197557167,187557167
63,"Aug 14, 2009",Gake no ue no Ponyo,34000000,15090399,205312666,220403065,186403065
38,"Dec 7, 1979",Star Trek: The Motion Picture,35000000,82258456,139000000,221258456,186258456
15,"Sep 23, 2016",Storks,70000000,72679278,183353431,256032709,186032709
22,"Jun 4, 1982",Poltergeist,10700000,74706019,121706019,196412038,185712038
59,"May 25, 1988",Rambo III,58000000,53715611,188715611,242431222,184431222
42,"Dec 15, 2006",Dreamgirls,75000000,103365956,155708695,259074651,184074651
26,"May 27, 2016",Alice Through the Looking Glass,170000000,77042381,276928112,353970493,183970493
72,"Apr 7, 1995",Bad Boys,23000000,65647413,141247413,206894826,183894826
61,"May 18, 2001",Moulin Rouge,53000000,57386369,179200588,236586957,183586957
8,"Dec 8, 2006",The Holiday,85000000,63280000,205190324,268470324,183470324
61,"Oct 2, 1998",Antz,60000000,90757863,152457863,243215726,183215726
11,"Feb 22, 2008",Vantage Point,40000000,72266306,150886329,223152635,183152635
11,"Jun 9, 1995",Congo,50000000,81022333,152022333,233044666,183044666
87,"Jul 25, 2003",Seabiscuit,86000000,120277854,148715342,268993196,182993196
11,"Aug 13, 2004",AVP: Alien Vs. Predator,70000000,80281096,172543519,252824615,182824615
4,"Jun 28, 1978",Heaven Can Wait,15000000,98800000,98800000,197600000,182600000
5,"Apr 7, 2017",Smurfs: The Lost Village,60000000,45020282,197578586,242598868,182598868
52,"Dec 19, 2008",Seven Pounds,54000000,69951824,166617328,236569152,182569152
53,"May 31, 2013",After Earth,130000000,60522097,251499665,312021762,182021762
50,"Mar 22, 2002",Blade 2,54000000,81676888,154338601,236015489,182015489
96,"Feb 12, 2014",RoboCop,120000000,58607007,242981799,301588806,181588806
8,"Jul 29, 2011","Crazy, Stupid, Love",50000000,84351197,147142328,231493525,181493525
58,"Oct 16, 2015",Goosebumps,58000000,80069458,158905324,238974782,180974782
63,"Dec 25, 2003",Cold Mountain,80000000,95632614,165173909,260806523,180806523
92,"Aug 7, 2009",Julie & Julia,40000000,94125426,126646119,220771545,180771545
2,"Jun 22, 2007",1408,22500000,71985628,131263370,203248998,180748998
70,"Oct 17, 1997",I Know What You Did Last Summer,17000000,72250091,125250091,197500182,180500182
65,"Jun 27, 1990",Days of Thunder,60000000,82670733,157670733,240341466,180341466
46,"Apr 16, 2014",Heaven is for Real,12000000,91386097,100916299,192302396,180302396
57,"Jun 8, 2001",Atlantis: The Lost Empire,90000000,84052762,186049020,270101782,180101782
69,"Oct 17, 2003",The Texas Chainsaw Massacre,9000000,80571655,107967319,188538974,179538974
9,"Oct 7, 1983",Never Say Never Again,36000000,55500000,160000000,215500000,179500000
86,"Dec 21, 2007",P.S. I Love You,30000000,53695808,155769678,209465486,179465486
64,"Aug 7, 2013",Percy Jackson: Sea of Monsters,90000000,68559554,200859554,269419108,179419108
67,"Nov 1, 1996",Romeo+Juliet,14500000,46338728,147542381,193881109,179381109
7,"Apr 13, 2007",Disturbia,20000000,80818974,118537627,199356601,179356601
86,"Nov 24, 1999",End of Days,100000000,66889043,212026975,278916018,178916018
64,"Oct 28, 2016",Inferno,75000000,34343574,219519367,253862941,178862941
76,"Jul 28, 1999",Deep Blue Sea,60000000,73648228,165048228,238696456,178696456
9,"Aug 6, 2010",Step Up 3D,30000000,42400223,165889117,208289340,178289340
66,"Dec 19, 2012",Zero Dark Thirty,52500000,95720716,134612435,230333151,177833151
10,"Jul 28, 1995",Waterworld,175000000,88246220,264246220,352492440,177492440
84,"Nov 22, 2017",Darkest Hour,30000000,56443120,150807172,207250292,177250292
52,"Jul 11, 1997",Contact,90000000,100920329,165900000,266820329,176820329
55,"Feb 3, 2012",Chronicle,12000000,64575175,123681790,188256965,176256965
94,"Aug 1, 2003",American Wedding,55000000,104354205,126425115,230779320,175779320
58,"Oct 13, 2017",Happy Death Day,5000000,55683845,125010260,180694105,175694105
95,"Jan 15, 2016",Ride Along 2,40000000,90862685,124827316,215690001,175690001
42,"Dec 11, 2015",The Big Short,28000000,70259870,133162752,203422622,175422622
31,"Dec 9, 2011",New Yearâs Eve,26000000,54544638,146850273,201394911,175394911
54,"Mar 11, 2016",10 Cloverfield Lane,5000000,72082999,108286422,180369421,175369421
66,"Jul 1, 2015",Magic Mike XXL,14500000,66013057,123660597,189673654,175173654
30,"Oct 18, 1996",Sleepers,44000000,53300852,165600852,218901704,174901704
96,"May 16, 2012",The Dictator,65000000,59650222,180148897,239799119,174799119
62,"Aug 4, 2000",Hollow Man,90000000,73209340,191200000,264409340,174409340
71,"Jul 18, 2014",The Purge: Anarchy,9000000,71562550,111534881,183097431,174097431
86,"May 25, 2017",Baywatch,60000000,58060186,175863783,233923969,173923969
63,"Jun 22, 1984",The Karate Kid,8000000,90815558,90815558,181631116,173631116
64,"Jan 15, 2010",The Book of Eli,80000000,94835059,158750817,253585876,173585876
15,"Dec 21, 2005",Fun With Dick And Jane,140000000,110550000,203018919,313568919,173568919
15,"Dec 28, 2001",Black Hawk Down,95000000,108638745,159691085,268329830,173329830
79,"Dec 25, 2012",Parental Guidance,25000000,77267296,120832383,198099679,173099679
68,"Dec 22, 1964",Goldfinger,3000000,51100000,124900000,176000000,173000000
98,"May 24, 1985",A View to a Kill,30000000,50327960,152627960,202955920,172955920
10,"Aug 18, 1995",Mortal Kombat,20000000,70433227,122133227,192566454,172566454
30,"May 19, 2000",Road Trip,16000000,68525609,119739110,188264719,172264719
61,"Aug 11, 2004",The Princess Diaries 2: Royal Engagement,45000000,95149435,122071435,217220870,172220870
73,"Aug 15, 2003",Freddy vs. Jason,25000000,82622655,114576403,197199058,172199058
5,"Dec 18, 1985",The Color Purple,15000000,93589701,93589701,187179402,172179402
18,"Mar 2, 2001",The Mexican,40000000,66808615,145238250,212046865,172046865
30,"Nov 14, 2003",Master and Commander: The Far Side of the World,135000000,93926386,212912137,306838523,171838523
40,"Nov 1, 2017",A Bad Moms Christmas,28000000,72110659,127710550,199821209,171821209
70,"Mar 14, 2014",Need for Speed,66000000,43568507,194169619,237738126,171738126
71,"Jul 8, 2011",Zookeeper,80000000,80360866,170805525,251166391,171166391
55,"May 4, 2012",The Best Exotic Marigold Hotel,10000000,46383639,134639780,181023419,171023419
77,"Feb 5, 1953",Peter Pan,4000000,87400000,87400000,174800000,170800000
80,"Dec 21, 2016",Assassinâs Creed,125000000,54647948,240759682,295407630,170407630
12,"Mar 6, 1987",Lethal Weapon,15000000,65192350,120192350,185384700,170384700
16,"Sep 30, 2006",The Queen,15000000,56441711,128885873,185327584,170327584
5,"Dec 24, 1999",The Talented Mr. Ripley,40000000,81292135,128792135,210084270,170084270
21,"Nov 5, 1999",The Bone Collector,48000000,66488090,151463090,217951180,169951180
84,"Dec 15, 1974",Young Frankenstein,2800000,86300000,86300000,172600000,169800000
29,"Jul 14, 1989",When Harry Met Sallyâ¦,16000000,92823546,92961960,185785506,169785506
93,"Aug 9, 2006",World Trade Center,65000000,70278893,163295654,233574547,168574547
18,"Feb 3, 2012",The Woman in Black,15000000,54333290,128955898,183289188,168289188
29,"Feb 14, 2003",The Jungle Book 2,20000000,47901582,140122225,188023807,168023807
89,"May 11, 2012",Dark Shadows,150000000,79727149,238202668,317929817,167929817
16,"Jul 11, 2003",The League of Extraordinary Gentlemen,78000000,66465204,179265204,245730408,167730408
74,"Oct 28, 2011",In Time,35000000,37553932,165103952,202657884,167657884
74,"Jul 27, 2012",Step Up Revolution,33000000,35074677,165552290,200626967,167626967
57,"Aug 7, 2002",Spy Kids 2: The Island of Lost Dreams,38000000,85846296,119721296,205567592,167567592
70,"Jul 4, 2001",Scary Movie 2,45000000,71277420,141189101,212466521,167466521
51,"Feb 4, 1994",Ace Ventura: Pet Detective,12000000,72217396,107217396,179434792,167434792
55,"Jul 22, 2011",Friends with Benefits,35000000,55802754,146595891,202398645,167398645
79,"Jun 13, 2008",The Happening,60000000,64506874,162778384,227285258,167285258
15,"Jan 27, 2006",Big Momma's House 2,40000000,70165972,137047376,207213348,167213348
5,"Mar 10, 2006",Failure to Launch,50000000,88715192,128402901,217118093,167118093
61,"Jun 25, 2004",The Notebook,30000000,81001787,116025023,197026810,167026810
14,"Feb 7, 2014",The Monuments Men,70000000,78031620,158702748,236734368,166734368
12,"Dec 25, 2011",War Horse,70000000,79883359,156815529,236698888,166698888
75,"Aug 8, 2012",Hope Springs,30000000,63536011,133085295,196621306,166621306
80,"Oct 6, 2017",Blade Runner 2049,185000000,92054159,259357408,351411567,166411567
68,"Feb 9, 1940",Pinocchio,2289247,84300000,84300000,168600000,166310753
92,"Jan 18, 2002",Snow Dogs,32000000,81150692,116898028,198048720,166048720
55,"Sep 23, 2016",The Magnificent Seven,90000000,93432655,162525156,255957811,165957811
72,"Jul 7, 2004",King Arthur,90000000,51877963,203877963,255755926,165755926
24,"Jul 18, 2014",Planes: Fire and Rescue,50000000,59157732,156399644,215557376,165557376
80,"Nov 22, 2006",DÃ©jÃ Vu,80000000,64038616,181038616,245077232,165077232
11,"Apr 16, 2004",Kill Bill: Volume 2,55000000,66207920,153535982,219743902,164743902
63,"Jul 20, 1994",The Client,45000000,92115211,117615211,209730422,164730422
69,"Nov 13, 1940",Fantasia,2280000,83320000,83320000,166640000,164360000
54,"Aug 11, 2006",Step Up,12000000,65328121,110989157,176317278,164317278
72,"Oct 22, 2004",Sideways,17000000,71502303,109793192,181295495,164295495
17,"Oct 24, 2008",Saw V,10800000,56746769,118209778,174956547,164156547
75,"Sep 28, 2012",Pitch Perfect,17000000,65001093,116044347,181045440,164045440
85,"Jul 25, 2008",Step Brothers,65000000,100468793,128468793,228937586,163937586
11,"Dec 20, 2002",Gangs of New York,97000000,77730500,183124621,260855121,163855121
25,"Aug 6, 2008",Pineapple Express,26000000,87341380,102404019,189745399,163745399
20,"Apr 17, 2009",17 Again,40000000,64167069,139474906,203641975,163641975
58,"Feb 20, 2009",Madea Goes To Jail,17500000,90508336,90508336,181016672,163516672
88,"Jul 4, 1980",Airplane!,3500000,83453539,83453539,166907078,163407078
37,"Dec 13, 2013",Saving Mr. Banks,35000000,83299761,114962525,198262286,163262286
96,"Apr 1, 2011",Source Code,32000000,54712227,140428499,195140726,163140726
57,"Dec 18, 2015",Sisters,30000000,87044645,106030660,193075305,163075305
13,"Dec 25, 2010",Gulliver's Travels,112000000,42779261,232017848,274797109,162797109
48,"Jun 4, 1982",Star Trek II: The Wrath of Khan,12000000,78912963,95800000,174712963,162712963
51,"Jun 5, 2015",Insidious Chapter 3,10000000,52218558,120453155,172671713,162671713
59,"Jun 2, 2017",Captain Underpants: The First Epic Movie,38000000,73921000,126577874,200498874,162498874
79,"Oct 29, 2010",Saw 3D,17000000,45710178,133735284,179445462,162445462
49,"Jun 19, 1981",Superman II,54000000,108185706,108185706,216371412,162371412
90,"Mar 16, 2018",I Can Only Imagine,7000000,83482352,85604221,169086573,162086573
4,"Feb 17, 2006",Eight Below,40000000,81612565,120455994,202068559,162068559
22,"Apr 12, 2013",42,31000000,95020213,97470701,192490914,161490914
21,"Dec 11, 1995",Sense and Sensibility,16500000,42993774,134993774,177987548,161487548
70,"Feb 10, 2006",The Pink Panther,80000000,82226474,158926474,241152948,161152948
23,"Nov 21, 2003",Gothika,40000000,59588068,141484812,201072880,161072880
3,"Jul 2, 2014",Tammy,20000000,84525432,96407655,180933087,160933087
54,"Jun 24, 2016",The Shallows,13000000,55121623,118763442,173885065,160885065
4,"Jan 21, 2005",Are We There Yet?,20000000,82674398,98114471,180788869,160788869
89,"Dec 19, 2014",Annie,65000000,85911262,139829625,225740887,160740887
40,"Jun 26, 1981",Stripes,10000000,85300000,85300000,170600000,160600000
11,"Jun 23, 2004",White Chicks,20000000,69148997,111448997,180597994,160597994
43,"Jan 16, 2009",Hotel for Dogs,35000000,73178547,122357172,195535719,160535719
8,"Oct 29, 2004",Ray,40000000,75305995,124823094,200129089,160129089
22,"Jun 22, 2005",Herbie: Fully Loaded,50000000,66010682,144110682,210121364,160121364
7,"Jun 30, 1999",Wild Wild West,175000000,113805681,221229335,335035016,160035016
21,"Feb 18, 2011",Unknown,40000000,63686397,136123083,199809480,159809480
89,"Jan 1, 1970",M*A*S*H,3500000,81600000,81600000,163200000,159700000
74,"Jun 12, 1998","Six Days, Seven Nights",80000000,74339294,164800000,239139294,159139294
48,"Jul 1, 1992",Boomerang,42000000,70052444,131052444,201104888,159104888
48,"Feb 11, 2011",Justin Bieber: Never Say Never,13000000,73013910,99034125,172048035,159048035
75,"Dec 21, 2001",Jimmy Neutron: Boy Genius,25000000,80936232,102992536,183928768,158928768
56,"Sep 11, 2015",The Visit,5000000,65206105,98677816,163883921,158883921
32,"May 18, 2012",Battleship,220000000,65233400,313477717,378711117,158711117
57,"Oct 29, 2004",Saw,1200000,55968727,103880027,159848754,158648754
85,"Oct 21, 2016",Jack Reacher: Never Go Back,60000000,58697076,159946489,218643565,158643565
80,"Dec 15, 2000",The Emperor's New Groove,100000000,89296573,169296573,258593146,158593146
14,"Dec 8, 1982",Gandhi,22000000,52767889,127767889,180535778,158535778
17,"May 22, 1992",Alien 3,55000000,54927174,158500000,213427174,158427174
82,"Oct 22, 1982",First Blood,14000000,47212904,125212904,172425808,158425808
24,"Mar 23, 1984",Police Academy,4500000,81198894,81198894,162397788,157897788
73,"Mar 19, 2010",The Bounty Hunter,45000000,67061228,135808837,202870065,157870065
24,"Dec 29, 1995",Mr. Hollandâs Opus,31000000,82582604,106282604,188865208,157865208
58,"Nov 18, 1994",Star Trek: Generations,38000000,75671262,120000000,195671262,157671262
79,"Sep 12, 2003",Lost in Translation,4000000,44585453,117085297,161670750,157670750
49,"Aug 12, 2011",Final Destination 5,40000000,42587643,155011165,197598808,157598808
75,"Apr 11, 1997",Anaconda,45000000,65598907,136998907,202597814,157597814
66,"Dec 21, 2005",Cheaper by the Dozen 2,60000000,82571173,135015330,217586503,157586503
34,"Oct 5, 1956",The Ten Commandments,13500000,85400591,85434516,170835107,157335107
72,"Oct 17, 1997",Devil's Advocate,57000000,61007424,153007424,214014848,157014848
99,"Feb 27, 2015",Focus,65000000,53862963,168065700,221928663,156928663
34,"Nov 25, 2011",The Artist,16000000,44667095,128256712,172923807,156923807
97,"Mar 27, 2015",Get Hard,40000000,90411453,106511453,196922906,156922906
35,"Oct 20, 1995",Get Shorty,30250000,72021008,115021008,187042016,156792016
72,"Jan 17, 2014",The Nut Job,30000000,64251538,122529966,186781504,156781504
39,"Feb 14, 2007",Music and Lyrics,40000000,50572589,146196885,196769474,156769474
49,"Jul 10, 2009",BrÃ¼no,42000000,60054530,138708527,198763057,156763057
20,"Mar 6, 2009",Watchmen,138000000,107509799,186976250,294486049,156486049
71,"Aug 21, 1998",Blade,45000000,70141876,131237688,201379564,156379564
39,"May 6, 2005",Kingdom of Heaven,110000000,47398413,218853353,266251766,156251766
58,"Apr 15, 2005",The Amityville Horror,18500000,65233369,109175673,174409042,155909042
46,"Sep 19, 1997",L.A. Confidential,35000000,64604977,126204977,190809954,155809954
86,"Sep 21, 2007",Resident Evil: Extinction,45000000,50648679,149871103,200519782,155519782
37,"Dec 25, 2013",The Secret Life of Walter Mitty,91000000,58236838,187861183,246098021,155098021
16,"Sep 21, 2018",The House with a Clock in its Walls,40000000,68549695,126331750,194881445,154881445
99,"Oct 20, 2017",Geostorm,100000000,33700160,220796009,254496169,154496169
88,"Aug 4, 2000",Space Cowboys,65000000,90454043,128874043,219328086,154328086
90,"Nov 14, 1997",The Jackal,60000000,54956941,159356941,214313882,154313882
67,"Oct 2, 2009",Zombieland,23600000,75590286,102236596,177826882,154226882
12,"Jan 6, 2012",The Devil Inside,1000000,53262945,101759490,155022435,154022435
92,"Feb 9, 1996",Broken Arrow,65000000,70645997,148345997,218991994,153991994
32,"Jul 11, 2008",Hellboy II: The Golden Army,82500000,75986503,160388063,236374566,153874566
7,"Mar 30, 2012",Mirror Mirror,85000000,64935167,173613482,238548649,153548649
71,"Sep 9, 2011",Contagion,60000000,75658097,137551594,213209691,153209691
67,"Jun 7, 2013",The Purge,3000000,64473115,91266581,155739696,152739696
19,"Jan 20, 2012",Underworld: Awakening,70000000,62321039,160379930,222700969,152700969
83,"Dec 17, 1971",Diamonds Are Forever,7200000,43800000,116000000,159800000,152600000
66,"Jul 26, 2006",Little Miss Sunshine,8000000,59891098,100642353,160533451,152533451
13,"Jul 31, 1992",Death Becomes Her,55000000,58422650,149022650,207445300,152445300
63,"Apr 1, 2011",Insidious,1500000,54009150,99870886,153880036,152380036
19,"Nov 12, 2010",Unstoppable,95000000,81562942,165720921,247283863,152283863
51,"Jul 14, 2006","You, Me and Dupree",54000000,75802010,130402010,206204020,152204020
70,"Jan 1, 1971",Fiddler on the Roof,9000000,80500000,80500000,161000000,152000000
61,"Feb 17, 1984",Footloose,8200000,80000000,80000000,160000000,151800000
58,"Oct 16, 2009",Law Abiding Citizen,53000000,73357727,131159781,204517508,151517508
70,"Feb 1, 2013",Warm Bodies,30000000,66380662,115121608,181502270,151502270
70,"Dec 27, 1991",Fried Green Tomatoes,11000000,81204830,81204830,162409660,151409660
16,"Sep 28, 2018",Night School,29000000,77339130,103008792,180347922,151347922
28,"Feb 18, 2011",I am Number Four,50000000,55100437,146195159,201295596,151295596
39,"Apr 6, 2001",Along Came a Spider,28000000,74058698,105159085,179217783,151217783
100,"Jan 27, 2006",Nanny McPhee,25000000,47279279,128745578,176024857,151024857
70,"Jun 28, 1991",The Naked Gun 2Â½: The Smell of Fear,23000000,86930411,86930411,173860822,150860822
97,"Dec 7, 2007",Atonement,30000000,50980159,129779728,180759887,150759887
18,"Mar 17, 2006",V for Vendetta,50000000,70511035,130214162,200725197,150725197
19,"Dec 22, 2004",The Phantom of the Opera,55000000,51225796,153770052,204995848,149995848
96,"Jan 28, 2005",Hide and Seek,25000000,51100486,123696741,174797227,149797227
64,"Nov 17, 2000",Rugrats in Paris,30000000,76501438,103284813,179786251,149786251
43,"May 18, 2018",Book Club,10000000,68566296,91113683,159679979,149679979
8,"Sep 17, 1999",Blue Streak,36000000,68208190,117448157,185656347,149656347
94,"Feb 23, 2018",Game Night,37000000,69179066,117378084,186557150,149557150
79,"May 6, 2005",Crash,7303082,55334418,101173038,156507456,149204374
60,"Oct 24, 2014",Ouija,5000000,50856010,103300632,154156642,149156642
91,"Aug 12, 2016",Peteâs Dragon,65000000,76233151,137768975,214002126,149002126
90,"Jun 6, 2006",The Omen,25000000,54607383,119295584,173902967,148902967
69,"Apr 23, 2004",Man on Fire,60000000,77906816,130968579,208875395,148875395
57,"Jul 14, 1989",Licence to Kill,42000000,34667015,156167015,190834030,148834030
46,"Jan 28, 2013",Last Vegas,28000000,63914167,112914167,176828334,148828334
44,"Aug 25, 2000",Bring it On,10000000,68353550,90453550,158807100,148807100
96,"Aug 15, 2014",The Expendables 3,100000000,39322544,209461378,248783922,148783922
72,"Jul 9, 2004",Anchorman: The Legend of Ron Burgundy,25000000,84136909,89476265,173613174,148613174
100,"Dec 21, 2012",The Impossible,40000000,19019882,169590606,188610488,148610488
1,"Nov 26, 1997",Alien: Resurrection,60000000,47795018,160700000,208495018,148495018
40,"Aug 8, 2014",Into the Storm,50000000,47602194,150429371,198031565,148031565
5,"Jul 21, 2000",Pokemon 2000,30000000,43746923,133946923,177693846,147693846
82,"Feb 17, 2012",Kari gurashi no Arietti,23000000,19192510,151496097,170688607,147688607
47,"Dec 12, 1986",The Golden Child,12000000,79817937,79817937,159635874,147635874
93,"Jun 16, 2006",Nacho Libre,32000000,80197993,99296462,179494455,147494455
39,"Aug 2, 2013",2 Guns,61000000,75612460,132493015,208105475,147105475
71,"Sep 22, 2006",Jackass: Number Two,11000000,72778712,85278712,158057424,147057424
21,"Dec 25, 1996",Evita,55000000,50047179,151947179,201994358,146994358
98,"Feb 17, 2012",This Means War,65000000,54760791,156974557,211735348,146735348
56,"Oct 27, 2006",Babel,20000000,34302837,132121212,166424049,146424049
97,"Jul 18, 2003",Johnny English,45000000,28013509,163126676,191140185,146140185
49,"Apr 30, 2010",A Nightmare on Elm Street,35000000,63075011,117729621,180804632,145804632
58,"Mar 2, 2012",Project X,12000000,54731865,103028188,157760053,145760053
79,"Aug 3, 2012",Total Recall,125000000,58877969,211856088,270734057,145734057
11,"Nov 11, 2011",Jack and Jill,79000000,74158157,150519217,224677374,145677374
19,"Aug 6, 1999",The Thomas Crown Affair,48000000,69304264,124304264,193608528,145608528
70,"Jun 1, 1984",Star Trek III: The Search for Spock,18000000,76471046,87000000,163471046,145471046
63,"Apr 22, 2005",The Interpreter,90000000,72708161,162753837,235461998,145461998
64,"Jun 22, 1979",The Muppet Movie,8000000,76657000,76657000,153314000,145314000
60,"Nov 14, 1997",Anastasia,53000000,58403409,139801096,198204505,145204505
54,"Jun 13, 1967",You Only Live Twice,9500000,43100000,111600000,154700000,145200000
92,"Dec 6, 1991",Star Trek VI: The Undiscovered Country,27000000,74888996,96900000,171788996,144788996
36,"Jan 16, 2019",Dragon Ball Super: Broly,8500000,30376755,122747755,153124510,144624510
99,"May 17, 2002",About a Boy,27000000,40803000,130759651,171562651,144562651
30,"Dec 15, 2006",Charlotte's Web,82500000,82985708,143985708,226971416,144471416
32,"Jun 11, 2010",The A-Team,110000000,77222099,177241171,254463270,144463270
14,"Dec 23, 2011",We Bought a Zoo,50000000,75624550,118729073,194353623,144353623
35,"Nov 7, 2014",The Theory of Everything,15000000,35893537,123327692,159221229,144221229
73,"Feb 17, 2012",Ghost Rider: Spirit of Vengeance,57000000,51774002,149217355,200991357,143991357
81,"Jan 9, 2009",Bride Wars,30000000,58715510,115150424,173865934,143865934
60,"Jan 13, 2006",Hoodwinked,17500000,51386611,109843390,161230001,143730001
5,"Nov 4, 2011",Tower Heist,85000000,78046570,150422946,228469516,143469516
61,"Apr 5, 2019",Pet Sematary,21000000,54724696,109501146,164225842,143225842
31,"Apr 21, 2000",U-571,62000000,77086030,127630030,204716060,142716060
74,"Mar 17, 2000",Final Destination,23000000,53302314,112036870,165339184,142339184
71,"Dec 13, 2002",About Schmidt,30000000,65005217,107054484,172059701,142059701
91,"Feb 10, 2006",Final Destination 3,25000000,54098051,112798051,166896102,141896102
94,"Nov 12, 2004",Finding Neverland,25000000,51676606,115036108,166712714,141712714
61,"Nov 26, 2003",The Haunted Mansion,90000000,75817994,155750628,231568622,141568622
32,"Feb 14, 2008",The Spiderwick Chronicles,92500000,71195053,162839667,234034720,141534720
74,"Feb 6, 2009",Coraline,60000000,75286229,126037057,201323286,141323286
49,"Sep 13, 2002",Barbershop,12000000,75781642,77063461,152845103,140845103
68,"Apr 4, 1997",The Saint,90000000,61363304,169400000,230763304,140763304
60,"Apr 17, 2015",Paul Blart: Mall Cop 2,38000000,71091594,107650646,178742240,140742240
74,"Feb 13, 2009",Friday the 13th,17000000,65002019,92670237,157672256,140672256
52,"Jan 23, 2004",The Butterfly Effect,13000000,57924679,95638592,153563271,140563271
52,"Feb 24, 2012",Act of Valor,12000000,70012847,82497035,152509882,140509882
70,"Dec 22, 2000",The Family Man,60000000,75764085,124715863,200479948,140479948
72,"Dec 10, 1999",Deuce Bigalow: Male Gigolo,18000000,65535067,92935067,158470134,140470134
80,"Jan 16, 2009",My Bloody Valentine,14000000,51545952,102836002,154381954,140381954
78,"Aug 4, 2006",Barnyard: The Original Party Animals,51000000,72779000,118583844,191362844,140362844
44,"Oct 10, 2014","Alexander and the Terrible, Horrible, No Good, Very Bad Day",28000000,66954149,101379287,168333436,140333436
81,"Oct 13, 2017",The Foreigner,35000000,34393507,140783360,175176867,140176867
95,"Dec 19, 2003",Mona Lisa Smile,65000000,63803100,141205169,205008269,140008269
76,"Jun 12, 1987",Predator,18000000,59735548,98267558,158003106,140003106
33,"Dec 25, 2015",The Hateful Eight,62000000,54117416,147864886,201982302,139982302
62,"Aug 30, 2013",No se Aceptan Devoluciones,5000000,44467206,100486616,144953822,139953822
85,"Jan 13, 2012",Contraband,25000000,66528000,98406855,164934855,139934855
48,"Jul 21, 2006",Monster House,75000000,73661010,141267370,214928380,139928380
62,"Dec 23, 2016",Why Him?,38000000,60323786,117425156,177748942,139748942
35,"Jul 9, 2010",Predators,40000000,52000688,127234389,179235077,139235077
81,"Mar 4, 2011",The Adjustment Bureau,50200000,62495645,126931325,189426970,139226970
16,"Jul 28, 1995",The Net,22000000,50621733,110521733,161143466,139143466
20,"Nov 16, 2018",Instant Family,48000000,67363237,119736188,187099425,139099425
73,"Aug 8, 1997",Conspiracy Theory,80000000,76118990,142783718,218902708,138902708
66,"Aug 28, 2015",War Room,3000000,67790117,73975239,141765356,138765356
30,"Jan 10, 2003",Just Married,19000000,56127162,101564935,157692097,138692097
57,"Oct 25, 2002",Jackass: The Movie,5000000,64282312,79282312,143564624,138564624
51,"Jul 7, 1995",Species,35000000,60054449,113354449,173408898,138408898
76,"Apr 18, 2008",Forgetting Sarah Marshall,30000000,63172463,105173042,168345505,138345505
28,"Feb 15, 2002",Peter Pan: Return to Neverland,20000000,48430258,109862682,158292940,138292940
49,"Jan 7, 2005",White Noise,10000000,56094360,92094360,148188720,138188720
87,"Sep 23, 2005",Corpse Bride,30000000,53359111,114770654,168129765,138129765
34,"Feb 21, 2003",Old School,24000000,75155000,86765463,161920463,137920463
63,"Apr 22, 2011",Water for Elephants,38000000,58709717,116809717,175519434,137519434
41,"Feb 14, 2013",Safe Haven,28000000,71399120,94050951,165450071,137450071
7,"Feb 15, 2002",John Q,36000000,71026631,102226631,173253262,137253262
57,"Aug 5, 2005",The Dukes of Hazzard,53000000,80270227,109848461,190118688,137118688
67,"Aug 12, 2005",Four Brothers,30000000,74494381,92494381,166988762,136988762
59,"Nov 11, 2005",Pride & Prejudice,28000000,38372662,126549607,164922269,136922269
32,"Sep 29, 2017",American Made,50000000,51342000,135569212,186911212,136911212
15,"Sep 23, 2011",Moneyball,50000000,75605492,111300835,186906327,136906327
50,"Jun 3, 1983",WarGames,12000000,74433837,74433837,148867674,136867674
76,"Jun 8, 2001",Swordfish,80000000,69772969,147080413,216853382,136853382
62,"Jun 17, 2011",Green Lantern,200000000,116601172,219535492,336136664,136136664
44,"Mar 25, 2005",Guess Who,35000000,68915888,102115888,171031776,136031776
26,"Oct 15, 2004",Shall We Dance?,40000000,57887882,118097882,175985764,135985764
67,"Oct 5, 2001",Training Day,45000000,76261036,104505362,180766398,135766398
15,"Mar 31, 2010",The Last Song,20000000,62950384,92678948,155629332,135629332
9,"Jun 16, 2006",The Fast and the Furious: Tokyo Drift,85000000,62615510,157794205,220409715,135409715
77,"Apr 5, 2013",Evil Dead,17000000,54239856,97778356,152018212,135018212
47,"May 24, 2002",Insomnia,46000000,67263182,113622499,180885681,134885681
51,"Feb 5, 2016",Xi You Ji zhi Sun Wu Kong San Da Bai Gu Jing,60000000,709982,194058503,194768485,134768485
54,"Nov 26, 2008",Australia,130000000,49554002,215080810,264634812,134634812
48,"Mar 19, 2004",Dawn of the Dead,28000000,58990765,103452875,162443640,134443640
74,"Dec 16, 2005",The Family Stone,18000000,60062868,92357499,152420367,134420367
9,"Mar 29, 2002",The Rookie,22000000,75600072,80491516,156091588,134091588
21,"Sep 24, 2004",The Forgotten,50000000,66711892,117211892,183923784,133923784
43,"Nov 7, 2008",Role Models,28000000,67300955,94500826,161801781,133801781
77,"Mar 25, 2016",My Big Fat Greek Wedding 2,18000000,59689605,92096558,151786163,133786163
10,"Dec 9, 2005",Memoirs of a Geisha,85000000,57010853,161510853,218521706,133521706
75,"Apr 4, 2003",Phone Booth,11000000,46566212,97837138,144403350,133403350
60,"Apr 6, 2018",Blockers,21000000,60311495,94045328,154356823,133356823
91,"Apr 13, 2018",Truth or Dare,3500000,41411015,95127344,136538359,133038359
69,"Oct 12, 2012",Sinister,3000000,48086903,87727807,135814710,132814710
65,"Jul 25, 2003",Lara Croft: Tomb Raider: The Cradle of Life,90000000,65653758,157092943,222746701,132746701
7,"Mar 30, 1988",Beetlejuice,15000000,73839613,73887546,147727159,132727159
83,"Oct 29, 1999",Mononoke-hime,20000000,2374107,150350000,152724107,132724107
78,"Mar 22, 1991",Teenage Mutant Ninja Turtles II: The Secret of the Ooze,25000000,78656813,78656813,157313626,132313626
87,"Apr 20, 2012",The Lucky One,25000000,60457138,96633833,157090971,132090971
38,"Dec 8, 2006",Apocalypto,40000000,50866635,121032272,171898907,131898907
90,"Jan 13, 2012",The Iron Lady,14000000,29959436,115592104,145551540,131551540
93,"Sep 23, 2011",Dolphin Tale,37000000,72286779,96068724,168355503,131355503
8,"Nov 18, 1959",Ben-Hur,15000000,73000000,73259017,146259017,131259017
24,"Sep 14, 2018",A Simple Favor,20000000,53548586,97628717,151177303,131177303
58,"Mar 9, 2018",A Wrinkle in Time,103000000,100478608,133401882,233880490,130880490
76,"Jan 20, 2006",Underworld: Evolution,45000000,62318875,113417762,175736637,130736637
52,"Dec 25, 2007",Aliens vs. Predator - Requiem,40000000,41797066,128884494,170681560,130681560
20,"Aug 29, 2003",Jeepers Creepers II,25000000,35623801,119923801,155547602,130547602
61,"Oct 27, 2017",Jigsaw,10000000,38052832,102445196,140498028,130498028
83,"Nov 22, 1996",Jingle All the Way,60000000,60592389,129832389,190424778,130424778
9,"Feb 7, 1997",Dante's Peak,115000000,67163857,178200000,245363857,130363857
28,"Jul 29, 2015",Vacation,31000000,58884188,102306500,161190688,130190688
23,"May 22, 2015",Tomorrowland,170000000,93436322,206627518,300063840,130063840
77,"Aug 4, 2000",Coyote Ugly,45000000,60786269,113916474,174702743,129702743
85,"Feb 1, 2008",Hannah Montana/Miley Cyrus: Best of Both Worlds Concert Tour,6500000,65281781,70712099,135993880,129493880
90,"May 23, 2014",Blended,45000000,46290741,127990741,174281482,129281482
62,"Jan 22, 2016",Dirty Grandpa,11500000,35593113,105078449,140671562,129171562
56,"May 20, 2016",Neighbors 2: Sorority Rising,35000000,55340730,108757621,164098351,129098351
89,"Dec 8, 2006",Blood Diamond,100000000,57377916,171377916,228755832,128755832
30,"Aug 19, 2005",Red Eye,26000000,57891803,96666486,154558289,128558289
20,"Aug 15, 1979",Apocalypse Now,31500000,78800000,81250485,160050485,128550485
90,"Jun 28, 2013",White House Down,150000000,73103784,205440387,278544171,128544171
48,"Sep 20, 2013",Prisoners,46000000,61002302,113402302,174404604,128404604
34,"Mar 18, 2016",The Divergent Series: Allegiant,110000000,66184051,172022517,238206568,128206568
19,"Oct 21, 2011",Johnny English Reborn,45000000,8406711,164640401,173047112,128047112
86,"Oct 17, 2014",Birdman or (The Unexpected Virtue of Ignorance),18000000,42340598,103215094,145555692,127555692
80,"Jun 3, 1987",The Untouchables,25000000,76270454,76270454,152540908,127540908
88,"Nov 16, 2007",Beowulf,150000000,82280579,195080579,277361158,127361158
21,"Aug 10, 2018",BlacKkKlansman,15000000,49275340,93017335,142292675,127292675
65,"Feb 12, 1993",Groundhog Day,14600000,70906973,70906973,141813946,127213946
34,"Jun 16, 2006",The Lake House,40000000,52330111,114830111,167160222,127160222
47,"Jan 26, 2001",The Wedding Planner,28000000,60400856,94728529,155129385,127129385
71,"Oct 22, 1964",My Fair Lady,17000000,72000000,72071636,144071636,127071636
45,"Aug 14, 2009",The Time Traveler's Wife,39000000,63414846,102332135,165746981,126746981
78,"Nov 17, 1989",Harlem Nights,30000000,60857262,95857262,156714524,126714524
73,"May 30, 2008",The Strangers,9000000,52597610,83051676,135649286,126649286
67,"Sep 17, 2010",Easy A,8000000,58401464,76200721,134602185,126602185
13,"Aug 8, 2014",The Hundred-Foot Journey,22000000,54235441,94270488,148505929,126505929
9,"Oct 21, 2016",Tyler Perryâs Boo! A Madea Halloween,20000000,73206343,73206343,146412686,126412686
73,"Nov 15, 2013",The Best Man Holiday,17000000,70525195,72835710,143360905,126360905
82,"Oct 13, 2000",Billy Elliot,5000000,21995263,109253745,131249008,126249008
18,"Apr 18, 2008",The Forbidden Kingdom,55000000,52075270,129075270,181150540,126150540
18,"Jun 17, 1994",Wolf,70000000,65011757,131011757,196023514,126023514
77,"Dec 20, 1989",Born on the Fourth of July,14000000,70001698,70001698,140003396,126003396
13,"Mar 19, 2010",Diary of a Wimpy Kid,15000000,64003625,76954311,140957936,125957936
34,"Sep 10, 2004",Resident Evil: Apocalypse,50000000,50740078,125168734,175908812,125908812
44,"Nov 21, 2003",The Cat in the Hat,109000000,101018283,133818283,234836566,125836566
15,"Sep 19, 2003",Underworld,22000000,51970690,95708457,147679147,125679147
78,"Apr 3, 1998",Lost In Space,80000000,69117629,136047317,205164946,125164946
71,"May 31, 2019",Rocketman,41000000,57342725,108642725,165985450,124985450
7,"Jan 6, 2006",Hostel,4800000,47326473,82241110,129567583,124767583
19,"Sep 12, 2003",Once Upon a Time in Mexico,29000000,56330657,97413527,153744184,124744184
10,"Oct 10, 1980",Private Benjamin,15000000,69847348,69847348,139694696,124694696
65,"Nov 22, 2013",Philomena,12000000,37709979,98963392,136673371,124673371
23,"Jan 22, 2010",Tooth Fairy,48000000,60022256,112610386,172632642,124632642
54,"Jul 18, 2014",Sex Tape,40000000,38543473,126069509,164612982,124612982
56,"Jun 16, 2000",Shaft,53012938,70327868,107190108,177517976,124505038
12,"Mar 20, 2009","I Love You, Man",40000000,72013010,92302502,164315512,124315512
20,"Jan 22, 2016",Yip Man 3,36000000,2679437,157300954,159980391,123980391
52,"Mar 2, 2018",Red Sparrow,69000000,46874505,145951861,192826366,123826366
15,"Mar 15, 1996",Executive Decision,55000000,56679192,122079192,178758384,123758384
61,"May 4, 2018",Overboard,12000000,50316123,85369830,135685953,123685953
90,"Mar 21, 2014",Godâs Not Dead,1150000,60755732,63777092,124532824,123382824
79,"Jan 12, 2007",Stomp the Yard,14000000,61356221,75525718,136881939,122881939
13,"Mar 1, 2002",We Were Soldiers,70000000,78120196,114658262,192778458,122778458
45,"Dec 21, 2012",This is 40,35000000,67544505,90221182,157765687,122765687
84,"Sep 14, 2018",The Predator,88000000,51024708,159487563,210512271,122512271
50,"Mar 16, 2016",Miracles from Heaven,13000000,61705123,73798736,135503859,122503859
20,"Mar 13, 2009",Race to Witch Mountain,50000000,67172595,105103784,172276379,122276379
12,"Apr 24, 2009",Obsessed,20000000,68261644,73964713,142226357,122226357
89,"Mar 22, 2000",Romeo Must Die,25000000,55973336,91036760,147010096,122010096
97,"Jan 17, 2014",Jack Ryan: Shadow Recruit,60000000,50577412,131377412,181954824,121954824
31,"May 8, 2002",Unfaithful,50000000,52752475,119114494,171866969,121866969
33,"Feb 11, 2000",The Tigger Movie,20000000,45542421,96147688,141690109,121690109
73,"Jan 16, 2015",The Wedding Ringer,23000000,64460211,80171596,144631807,121631807
27,"Apr 2, 1968",2001: A Space Odyssey,10500000,59936321,71928046,131864367,121364367
64,"Oct 8, 2010",Life as We Know It,38000000,53374681,105887837,159262518,121262518
44,"Jul 14, 2010",The Sorcerer's Apprentice,160000000,63150991,217986320,281137311,121137311
78,"Nov 25, 1992",The Crying Game,4000000,62546695,62546695,125093390,121093390
15,"Aug 31, 2007",Halloween,15000000,58269151,77514401,135783552,120783552
55,"Oct 5, 2007",Michael Clayton,21500000,49033882,92987651,142021533,120521533
22,"Oct 1, 1999",Three Kings,48000000,60652036,107752036,168404072,120404072
31,"Nov 26, 2014",Horrible Bosses 2,40000000,54445357,105945357,160390714,120390714
17,"Dec 10, 2003",Big Fish,70000000,66432867,123954323,190387190,120387190
75,"Dec 17, 1976",King Kong,23000000,52614445,90614445,143228890,120228890
17,"Nov 24, 2004",Christmas with the Kranks,50000000,73701902,96469187,170171089,120171089
69,"Jun 27, 2003",28 Days Laterâ¦,8000000,45064915,82955633,128020548,120020548
94,"Jul 28, 2017",Atomic Blonde,30000000,51573925,98345423,149919348,119919348
24,"Sep 24, 2010",Wall Street 2: Money Never Sleeps,70000000,52474616,137431619,189906235,119906235
44,"Jul 23, 1999",Inspector Gadget,75000000,97387965,97387965,194775930,119775930
66,"Dec 25, 1991",The Prince of Tides,30000000,74787599,74787599,149575198,119575198
11,"Mar 7, 1980",Coal Miner's Daughter,15000000,67182787,67182787,134365574,119365574
91,"Mar 15, 2019",Five Feet Apart,7000000,45729221,80504421,126233642,119233642
75,"Nov 26, 2003",Bad Santa,18000000,60060328,77147031,137207359,119207359
53,"Feb 8, 1985",Witness,12000000,65532576,65532576,131065152,119065152
56,"Sep 16, 1994",Timecop,28000000,44853581,102053581,146907162,118907162
84,"Jul 23, 1982",The Best Little Whorehouse in Texas,20500000,69701637,69701637,139403274,118903274
38,"Feb 18, 2000",The Whole Nine Yards,24000000,57262492,85527867,142790359,118790359
100,"Dec 8, 2004",Blade: Trinity,65000000,52397389,131353165,183750554,118750554
13,"Apr 18, 2003",Holes,20000000,67383924,71232214,138616138,118616138
84,"Jun 26, 2009",My Sister's Keeper,27500000,49200230,96673002,145873232,118373232
70,"Jan 3, 2014",Paranormal Activity: The Marked Ones,5000000,32462372,90904854,123367226,118367226
90,"Jul 26, 2013",Blue Jasmine,18000000,33404871,102912961,136317832,118317832
81,"Aug 31, 2012",The Possession,14000000,49130588,82925064,132055652,118055652
16,"Dec 11, 1998",Star Trek: Insurrection,70000000,70187658,117800000,187987658,117987658
15,"Sep 25, 1981",Chariots of Fire,5500000,61558162,61865947,123424109,117924109
73,"Aug 22, 2014",If I Stay,11000000,50474843,78356170,128831013,117831013
96,"Apr 23, 2004",13 Going On 30,37000000,57139723,97658712,154798435,117798435
40,"Nov 18, 1988",The Land Before Time,12300000,48092846,81972846,130065692,117765692
54,"Apr 16, 2010",Kick-Ass,28000000,48071303,97531134,145602437,117602437
53,"Nov 3, 2017",Lady Bird,10000000,48958273,78610769,127569042,117569042
33,"Oct 20, 2006",The Prestige,40000000,53089891,104407366,157497257,117497257
65,"Mar 9, 1984",Splash,8000000,62599495,62599495,125198990,117198990
34,"Nov 6, 2015",Spotlight,20000000,45055776,92088460,137144236,117144236
86,"Jul 17, 2015",Bajrangi Bhaijaan,13000000,8178001,121778347,129956348,116956348
69,"Dec 24, 1999",Galaxy Quest,45000000,71423726,90523726,161947452,116947452
46,"Jan 29, 1999",She's All That,10000000,63465522,63465522,126931044,116931044
30,"Nov 18, 2016",Manchester by the Sea,8500000,47695371,77733867,125429238,116929238
75,"Oct 1, 2004",Ladder 49,60000000,74541707,102332848,176874555,116874555
37,"Oct 17, 1978",Halloween,325000,47000000,70000000,117000000,116675000
56,"Jul 13, 2001",The Score,68000000,71069884,113542091,184611975,116611975
48,"Feb 24, 2006",Madea's Family Reunion,10000000,63257940,63320521,126578461,116578461
92,"Jul 24, 2015",Southpaw,30000000,52421953,94156456,146578409,116578409
93,"Jun 7, 2002",The Divine Secrets of the Ya-Ya Sisterhood,27000000,69586544,73826768,143413312,116413312
30,"Jun 16, 2006",Garfield: A Tail of Two Kitties,60000000,28426747,147985373,176412120,116412120
35,"Jun 14, 1996",The Cable Guy,47000000,60240295,102825796,163066091,116066091
83,"Mar 1, 2002",40 Days and 40 Nights,17000000,37939782,95092667,133032449,116032449
72,"Dec 22, 1999",Any Given Sunday,60000000,75530832,100230832,175761664,115761664
72,"May 11, 2001",A Knightâs Tale,41000000,56083966,100622586,156706552,115706552
67,"Nov 21, 2001",Spy Game,90000000,62362560,143049560,205412120,115412120
57,"Mar 23, 2007",TMNT,35000000,54149098,96096018,150245116,115245116
82,"Dec 3, 2004",Closer,35000000,33987757,116177695,150165452,115165452
17,"Jul 1, 2016",The BFG,140000000,55483770,199646680,255130450,115130450
44,"Nov 21, 2007",Hitman,24000000,39687694,99135571,138823265,114823265
86,"Dec 10, 2008",The Reader,32500000,34194407,112964875,147159282,114659282
82,"Jun 24, 2005",Bewitched,80000000,63313159,131159306,194472465,114472465
56,"Dec 20, 1996",Beavis and Butt-Head Do America,12000000,63118386,63118386,126236772,114236772
78,"Dec 19, 2003",Calendar Girls,10000000,31011616,93074616,124086232,114086232
49,"Jul 12, 1996",Courage Under Fire,46000000,59003384,100833145,159836529,113836529
8,"Dec 27, 2002",The Hours,25000000,41675994,97030468,138706462,113706462
27,"Feb 17, 2006",Date Movie,20000000,48548426,85146165,133694591,113694591
39,"Nov 23, 2018",The Favourite,15000000,34366783,94113929,128480712,113480712
73,"Mar 6, 2015",The Second Best Exotic Marigold Hotel,10000000,33078266,90384306,123462572,113462572
34,"Jul 29, 2011",Cowboys and Aliens,163000000,100368560,176038324,276406884,113406884
57,"Jan 1, 1970",Patton,12000000,62500000,62500000,125000000,113000000
73,"Jan 1, 2004",Barbershop 2: Back in Business,18000000,65070412,65842412,130912824,112912824
97,"Apr 4, 2008",Nim's Island,37000000,48006762,101857425,149864187,112864187
17,"Apr 8, 2016",The Boss,29000000,63077560,78652207,141729767,112729767
22,"Jun 4, 2010",Get Him to the Greek,40000000,61153526,91455875,152609401,112609401
14,"Jun 29, 2012",Tyler Perry's Madea's Witness Protection,20000000,65653242,66950887,132604129,112604129
44,"May 2, 2008",Made of Honor,40000000,46012734,106548738,152561472,112561472
34,"Apr 27, 2012",The Pirates! Band of Misfits,55000000,31051126,136143605,167194731,112194731
50,"Aug 18, 2000",The Cell,35000000,61280963,85911226,147192189,112192189
48,"Sep 19, 1997",In & Out,35000000,63826569,83226569,147053138,112053138
47,"Jul 29, 2005",Sky High,35000000,63939454,83109359,147048813,112048813
20,"Sep 22, 2017",The Lego Ninjago Movie,70000000,59281555,122737201,182018756,112018756
95,"Dec 6, 1996",Daylight,80000000,32908290,158908290,191816580,111816580
46,"May 25, 1994",Beverly Hills Cop III,50000000,42586861,119180938,161767799,111767799
47,"Aug 15, 2008",Vicky Cristina Barcelona,16000000,23216709,104504817,127721526,111721526
80,"May 29, 1998",Hope Floats,30000000,60110313,81529000,141639313,111639313
7,"Dec 20, 1974",The Man with the Golden Gun,7000000,21000000,97600000,118600000,111600000
77,"Dec 29, 1995",Dead Man Walking,11000000,39387284,83088295,122475579,111475579
34,"Jan 31, 2003",Final Destination 2,26000000,46896664,90396664,137293328,111293328
14,"Nov 23, 2011",Arthur Christmas,85000000,46462469,149717124,196179593,111179593
50,"Dec 21, 2007",Charlie Wilson's War,75000000,66661095,119512771,186173866,111173866
16,"Nov 1, 2013",Free Birds,55000000,55750480,110387072,166137552,111137552
36,"Jun 20, 2014",Think Like a Man Too,24000000,65028687,70027933,135056620,111056620
7,"Sep 25, 1992",The Last of the Mohicans,40000000,75505856,75505856,151011712,111011712
95,"Jul 19, 2002",Stuart Little 2,120000000,64956806,166000000,230956806,110956806
18,"Dec 28, 2001",I Am Sam,22000000,40270895,92542418,132813313,110813313
28,"Jul 19, 2013",RED 2,84000000,53262560,141507355,194769915,110769915
10,"Aug 13, 1999",Bowfinger,55000000,66458769,98699769,165158538,110158538
98,"Feb 12, 2016",How to be Single,37000000,46843513,100003780,146847293,109847293
99,"Jan 14, 2005",Racing Stripes,30000000,49772522,89955540,139728062,109728062
5,"Oct 26, 1984",The Terminator,6400000,38019031,78019031,116038062,109638062
60,"Nov 25, 2009",Old Dogs,35000000,49492060,95104304,144596364,109596364
29,"Sep 28, 2001",Donât Say a Word,50000000,54997476,104488383,159485859,109485859
51,"Feb 11, 2000",Snow Day,13000000,60008303,62452927,122461230,109461230
15,"Aug 27, 2010",The Last Exorcism,1800000,41034350,70165900,111200250,109400250
86,"Dec 27, 2002",The Pianist,35000000,32519322,111854182,144373504,109373504
30,"Mar 16, 2007",Premonition,20000000,47852604,81461343,129313947,109313947
83,"May 29, 2009",MÃ¤n som hatar kvinnor,13000000,12749992,109421911,122171903,109171903
70,"Mar 15, 2002",Resident Evil,35000000,40119709,103787401,143907110,108907110
14,"Mar 15, 2013",The Call,12800000,51872378,69821476,121693854,108893854
85,"Apr 29, 2005",The Hitchhiker's Guide to the Galaxy,45000000,51019112,102746214,153765326,108765326
38,"Dec 29, 2006",El Laberinto del Fauno,16000000,37634615,87041569,124676184,108676184
11,"Feb 28, 2014",Son of God,22000000,59700064,70949793,130649857,108649857
59,"Sep 18, 2015",Black Mass,53000000,62575678,98837872,161413550,108413550
80,"Mar 25, 2011",Diary of a Wimpy Kid: Rodrick Rules,18000000,52698535,73695194,126393729,108393729
99,"Apr 20, 2018",I Feel Pretty,32000000,48795601,91553797,140349398,108349398
14,"Mar 21, 1980",Mad Max,200000,8750000,99750000,108500000,108300000
69,"Jan 22, 2016",The 5th Wave,38000000,34912982,111336398,146249380,108249380
62,"May 22, 2015",Poltergeist,35000000,47425125,95713069,143138194,108138194
75,"Oct 21, 2016",Ouija: Origin of Evil,9000000,35144505,81831866,116976371,107976371
94,"Mar 24, 2017",Power Rangers,120000000,85364450,142531552,227896002,107896002
95,"Jan 27, 2012",The Grey,25000000,51580136,81249176,132829312,107829312
35,"Jun 12, 2009",The Taking of Pelham 123,110000000,65452312,152364370,217816682,107816682
14,"Jul 29, 1983",National Lampoonâs Vacation,15000000,61400000,61400000,122800000,107800000
65,"Jun 22, 2012",Abraham Lincoln: Vampire Hunter,67500000,37519139,137489730,175008869,107508869
97,"Sep 10, 1999",Stigmata,32000000,50041732,89441732,139483464,107483464
98,"May 13, 2016",Money Monster,27000000,41012075,93466095,134478170,107478170
31,"Jan 25, 2008",Rambo,47500000,42754105,112214531,154968636,107468636
53,"Jan 12, 2000",Next Friday,9500000,57176582,59675307,116851889,107351889
22,"Aug 18, 2006",The Illusionist,16500000,39868642,83792062,123660704,107160704
81,"Feb 8, 2008",Fool's Gold,72500000,70231041,109362966,179594007,107094007
57,"Jul 27, 2007",No Reservations,28000000,43107979,91943956,135051935,107051935
86,"Oct 28, 2005",The Legend of Zorro,80000000,45575336,141475336,187050672,107050672
59,"Dec 15, 2000","Dude, Where's My Car?",13000000,46729374,73180297,119909671,106909671
40,"Jan 26, 2007",Epic Movie,20000000,39739367,86858578,126597945,106597945
52,"Apr 25, 2003",Identity,28000000,52131264,82183683,134314947,106314947
54,"Nov 6, 2009",Precious (Based on the Novel Push by Sapphire),10000000,47566524,68722848,116289372,106289372
90,"Apr 6, 2001",Blow,30000000,52990775,83282296,136273071,106273071
86,"Jul 12, 1991",Boyz n the Hood,6500000,56190094,56215095,112405189,105905189
32,"Nov 17, 1995",The American President,62000000,60022813,107822813,167845626,105845626
28,"Aug 10, 2007",Stardust,70000000,38634938,137022245,175657183,105657183
68,"Jul 24, 2015",Paper Towns,12000000,32000304,85450484,117450788,105450788
27,"Jul 31, 1998",Ever After: A Cinderella Story,26000000,65705772,65705772,131411544,105411544
73,"Feb 16, 2001",Down to Earth,30000000,64172251,71172251,135344502,105344502
89,"May 14, 2010",Letters to Juliet,30000000,53032453,82148538,135180991,105180991
25,"Mar 18, 2011",The Lincoln Lawyer,40000000,58009200,87145086,145154286,105154286
33,"Apr 26, 2013",Pain & Gain,26000000,49875291,81275291,131150582,105150582
29,"Nov 24, 2010",Love and Other Drugs,30000000,32367005,102716321,135083326,105083326
63,"Oct 12, 2018",Goosebumps 2: Haunted Halloween,35000000,46697321,93291478,139988799,104988799
35,"Jan 9, 2009",The Unborn,16000000,42670410,78208812,120879222,104879222
21,"Feb 8, 2019",What Men Want,20000000,54611903,69911903,124523806,104523806
88,"Jun 8, 2007",Surf's Up,100000000,58867694,145395745,204263439,104263439
17,"Aug 3, 2012",Diary of a Wimpy Kid: Dog Days,22000000,49008662,77229695,126238357,104238357
56,"Jun 8, 2018",Hereditary,10000000,44069456,70133905,114203361,104203361
6,"Apr 28, 2006",R.V.,55000000,71724497,87473024,159197521,104197521
95,"Aug 4, 2017",The Dark Tower,60000000,50701325,113461527,164162852,104162852
89,"Aug 17, 2012",ParaNorman,60000000,56003051,108119662,164122713,104122713
98,"Aug 7, 2015",Fantastic Four,120000000,56117548,167849187,223966735,103966735
78,"Mar 5, 1999",Cruel Intentions,11000000,38665260,76238901,114904161,103904161
53,"Dec 23, 2005",Munich,75000000,47379090,131492772,178871862,103871862
53,"Dec 25, 2007",The Water Horse: Legend of the Deep,40000000,40412817,103429755,143842572,103842572
50,"Jun 15, 2018",Tag,28000000,54730625,77026186,131756811,103756811
82,"Dec 8, 2000",Snatch,10000000,30093107,83593107,113686214,103686214
79,"May 2, 1997",Austin Powers: International Man of Mystery,18000000,53883989,67683989,121567978,103567978
10,"May 29, 2009",Drag Me To Hell,30000000,42100625,91388487,133489112,103489112
61,"Apr 21, 1989",Pet Sematary,11500000,57469179,57469179,114938358,103438358
30,"Jul 31, 1997",Spawn,40000000,54979992,87949859,142929851,102929851
94,"Sep 26, 2014",The Boxtrolls,60000000,50837305,111946251,162783556,102783556
41,"Jul 12, 1991",Point Break,24000000,43218387,83531958,126750345,102750345
32,"Jul 16, 2004",A Cinderella Story,19000000,51438175,70164105,121602280,102602280
62,"Dec 25, 1997",Jackie Brown,12000000,39673162,74727492,114400654,102400654
12,"Jun 18, 1993",Last Action Hero,85000000,50016394,137298489,187314883,102314883
45,"Feb 4, 2011",Sanctum,30000000,23209310,108957098,132166408,102166408
14,"Dec 11, 2009",Invictus,60000000,37491364,124514011,162005375,102005375
87,"Jul 24, 1987",La Bamba,6500000,54215416,54215416,108430832,101930832
36,"Apr 22, 2009",Earth,47000000,32011576,116773317,148784893,101784893
88,"Apr 8, 1964",From Russia With Love,2000000,24800000,78900000,103700000,101700000
13,"Nov 9, 2001",Shallow Hal,40000000,70836296,70836296,141672592,101672592
53,"Dec 11, 1974",The Godfather: Part II,13000000,57300000,57300000,114600000,101600000
8,"Mar 12, 2003",Bend it Like Beckham,5600000,32543449,74566042,107109491,101509491
36,"Sep 16, 2011",Drive,15000000,35060689,81357930,116418619,101418619
100,"Sep 18, 2015",Sicario,30000000,46889293,84393749,131283042,101283042
81,"Dec 9, 2016",Office Christmas Party,45000000,54767494,91323299,146090793,101090793
29,"Aug 15, 2003",Open Range,26000000,58331254,68613992,126945246,100945246
16,"Apr 2, 2010",Why Did I Get Married Too?,20000000,60095852,60831067,120926919,100926919
45,"Feb 6, 2004",Miracle,28000000,64378093,64474705,128852798,100852798
71,"Nov 22, 1995",Casino,52000000,42438300,110400000,152838300,100838300
38,"Jul 24, 2009",Orphan,20000000,41596251,78769428,120365679,100365679
42,"Aug 12, 2005",The Skeleton Key,40000000,47907715,92256918,140164633,100164633
22,"Feb 3, 2006",When a Stranger Calls,15000000,47860214,67215435,115075649,100075649
100,"Sep 2, 2005",The Transporter 2,32000000,43095856,88978458,132074314,100074314
41,"Mar 12, 2004",Secret Window,40000000,47958031,92111551,140069582,100069582
65,"Jan 23, 2009",Underworld 3: Rise of the Lycans,35000000,45802315,89102315,134904630,99904630
53,"Oct 5, 2001",Serendipity,28000000,50255310,77477297,127732607,99732607
75,"May 24, 2002",Spirit: Stallion of the Cimarron,80000000,73215310,106515310,179730620,99730620
40,"Apr 7, 2017",Going in Style,24000000,45018541,78672579,123691120,99691120
19,"Nov 27, 1991",My Girl,16500000,58011485,58011485,116022970,99522970
31,"Jul 1, 1995",Clueless,13700000,56598476,56598476,113196952,99496952
84,"Apr 2, 2004",Hellboy,60000000,59623958,99823958,159447916,99447916
9,"Jun 22, 2007",Evan Almighty,175000000,100289690,174131329,274421019,99421019
30,"Oct 8, 1997",Seven Years in Tibet,70000000,37945884,131445884,169391768,99391768
78,"Sep 11, 2015",The Perfect Guy,18000000,57027435,60278166,117305601,99305601
98,"Nov 10, 2000",Men of Honor,32000000,48814909,82339483,131154392,99154392
9,"Apr 8, 2005",Kung Fu Hustle,20000000,17104669,102034104,119138773,99138773
25,"May 9, 1980",Friday the 13th,550000,39754601,59754601,99509202,98959202
72,"Nov 26, 2008",Transporter 3,40000000,31715062,107235592,138950654,98950654
72,"Jan 14, 2005",Coach Carter,45000000,67264877,76665507,143930384,98930384
25,"Jan 9, 2015",Selma,20000000,52076908,66776576,118853484,98853484
66,"Sep 6, 2013",Riddick,38000000,42025135,94763758,136788893,98788893
23,"Feb 7, 2003",Shanghai Knights,50000000,60470220,88316835,148787055,98787055
74,"May 31, 1996",Dragonheart,57000000,51364680,104364680,155729360,98729360
72,"Mar 16, 2001",Exit Wounds,33000000,51758599,79958599,131717198,98717198
18,"Sep 19, 1980",Ordinary People,6000000,52302978,52302978,104605956,98605956
58,"Mar 18, 2011",Paul,40000000,37412945,101162106,138575051,98575051
40,"Mar 31, 2017",Ghost in the Shell,110000000,40563557,167910690,208474247,98474247
33,"May 25, 2012",Moonrise Kingdom,16000000,45512466,68848446,114360912,98360912
62,"Jan 12, 2018",The Commuter,40000000,36343858,101985431,138329289,98329289
10,"Apr 22, 2016",The Huntsman: Winterâs War,115000000,48003015,165149302,213152317,98152317
29,"Sep 15, 1989",Sea of Love,19000000,58571513,58571513,117143026,98143026
49,"Aug 18, 2010",Vampires Suck,20000000,36661504,81424988,118086492,98086492
37,"Dec 16, 2016",Fences,24000000,57682904,64282881,121965785,97965785
83,"Dec 23, 1994",Street Fighter,35000000,33423000,99423000,132846000,97846000
35,"Oct 17, 2014",The Book of Life,50000000,50151543,97651543,147803086,97803086
63,"Aug 7, 2015",The Gift,5000000,43787265,58978477,102765742,97765742
88,"Dec 25, 2015",Joy,60000000,56451232,101134059,157585291,97585291
12,"Jan 11, 2013",A Haunted House,2500000,40041683,59922558,99964241,97464241
78,"Jan 17, 2003",Kangaroo Jack,60000000,66723216,90723216,157446432,97446432
44,"May 14, 1982",Conan the Barbarian,20000000,38264085,79114085,117378170,97378170
15,"Mar 5, 2004",Hidalgo,78000000,67286731,108086731,175373462,97373462
81,"Jun 7, 2019",The Secret Life of Pets 2,80000000,63795655,113351496,177147151,97147151
4,"Dec 14, 1979",1941,32000000,34175000,94875000,129050000,97050000
60,"Nov 7, 1963",It's a Mad Mad Mad Mad World,9400000,46300000,60000000,106300000,96900000
18,"Aug 10, 2012",The Campaign,95000000,86907746,104907746,191815492,96815492
81,"Dec 18, 1969",On Her Majesty's Secret Service,8000000,22800000,82000000,104800000,96800000
84,"Sep 25, 1998",Urban Legend,14000000,38116707,72571864,110688571,96688571
19,"Oct 10, 2003",Intolerable Cruelty,60000000,35327628,121327628,156655256,96655256
28,"Aug 10, 1990",Flatliners,26000000,61308153,61308153,122616306,96616306
68,"Aug 8, 1986",Stand by Me,8000000,52287414,52287414,104574828,96574828
60,"Jun 28, 1996",Striptease,50000000,33109743,113309743,146419486,96419486
57,"Mar 16, 2018","Love, Simon",10000000,40826341,65520633,106346974,96346974
95,"Aug 27, 2010",Takers,32000000,57744720,70587268,128331988,96331988
51,"Aug 5, 2015",Shaun the Sheep,25000000,19375982,101925161,121301143,96301143
22,"Jul 14, 2006",Little Man,64000000,58636047,101636047,160272094,96272094
14,"Apr 17, 2015",Unfriended,1000000,32789645,64364198,97153843,96153843
17,"Oct 12, 2007",Why Did I Get Married?,15000000,55204525,55934178,111138703,96138703
63,"Dec 28, 2005",Match Point,15000000,23089926,87973835,111063761,96063761
89,"Sep 30, 1994",The River Wild,45000000,46815000,94215000,141030000,96030000
51,"Dec 14, 2001",The Royal Tenenbaums,28000000,52353636,71430876,123784512,95784512
76,"Oct 7, 2011",The Ides of March,23000000,40962534,77735925,118698459,95698459
90,"Sep 24, 2010",Legend of the Guardians: The Owls of Ga'Hoole,100000000,55675313,139716717,195392030,95392030
16,"Feb 25, 2005",Diary of a Mad Black Woman,5500000,50406346,50458356,100864702,95364702
32,"Aug 15, 2008",Star Wars: The Clone Wars,8500000,35161554,68695443,103856997,95356997
35,"Dec 22, 2000","O Brother, Where Art Thou?",26000000,45506619,75763814,121270433,95270433
24,"Aug 17, 2001",Rat Race,48000000,56607223,86607223,143214446,95214446
82,"Mar 10, 2006",The Hills Have Eyes,17000000,41778863,70355813,112134676,95134676
3,"Jan 19, 2018",Den of Thieves,30000000,44947622,80131391,125079013,95079013
96,"Nov 3, 2006",Flushed Away,149000000,64665672,179357126,244022798,95022798
96,"Sep 27, 2002",The Tuxedo,60000000,50586000,104429625,155015625,95015625
97,"Jul 16, 1999",Eyes Wide Shut,65000000,55691208,104267443,159958651,94958651
72,"Mar 13, 1992",My Cousin Vinny,11000000,52929168,52929168,105858336,94858336
79,"Apr 25, 2008",Baby Mama,30000000,60494212,64170447,124664659,94664659
98,"Aug 22, 2008",The House Bunny,25000000,48237389,71390601,119627990,94627990
50,"Oct 17, 1986",The Color of Money,10000000,52293000,52293000,104586000,94586000
26,"Oct 24, 2008",Changeling,55000000,35739802,113805580,149545382,94545382
58,"Aug 31, 2005",The Constant Gardener,25500000,33579798,86301599,119881397,94381397
98,"Jul 14, 1995",Under Siege 2: Dark Territory,60000000,50024083,104324083,154348166,94348166
85,"Jun 25, 1976",The Omen,2800000,48570885,48570885,97141770,94341770
55,"Apr 15, 2011",Scream 4,40000000,38180928,95989590,134170518,94170518
94,"Oct 3, 1997",Kiss the Girls,27000000,60527873,60527873,121055746,94055746
68,"Jan 22, 2016",The Boy,10000000,35819556,68220952,104040508,94040508
32,"Feb 4, 2005",Boogeyman,20000000,46752382,67192859,113945241,93945241
55,"Jul 17, 1987",RoboCop,13000000,53424681,53424681,106849362,93849362
74,"Mar 26, 1997",The Devil's Own,90000000,42885593,140900000,183785593,93785593
69,"Dec 24, 2003",Monster,5000000,34469210,64240813,98710023,93710023
44,"Sep 12, 2014",No Good Deed,13200000,52543632,54323210,106866842,93666842
24,"Aug 15, 1997",Cop Land,15000000,44906632,63706632,108613264,93613264
33,"Nov 23, 2005",Syriana,50000000,50824620,92690959,143515579,93515579
69,"Oct 17, 2008",Max Payne,35000000,40689393,87775050,128464443,93464443
82,"Aug 20, 2004",Without a Paddle,30000000,58156435,65121280,123277715,93277715
77,"Oct 8, 2004",Friday Night Lights,30000000,61255921,61950770,123206691,93206691
100,"Jan 28, 2011",The Rite,37000000,33047633,97143987,130191620,93191620
76,"Aug 5, 1998",Halloween: H2O,17000000,55041738,55041738,110083476,93083476
20,"Jan 25, 2008",Meet the Spartans,30000000,38233676,84646831,122880507,92880507
61,"Feb 26, 1999",8MM,40000000,36443442,96398826,132842268,92842268
19,"Dec 13, 2002",Drumline,20000000,56398162,56398162,112796324,92796324
95,"Nov 1, 2013",About Time,12000000,15323921,89309178,104633099,92633099
91,"Dec 25, 2003",Paycheck,60000000,53789313,98819789,152609102,92609102
34,"Dec 16, 1962",Lawrence of Arabia,15000000,37495385,69995385,107490770,92490770
10,"Dec 26, 2007",There Will Be Blood,25000000,40222514,77208711,117431225,92431225
50,"Jul 12, 1996",Les Visiteurs,7000000,659000,98754000,99413000,92413000
93,"Jun 9, 1989",Star Trek V: The Final Frontier,30000000,52210049,70200000,122410049,92410049
25,"Dec 25, 1997",Wag the Dog,15000000,43057470,64252038,107309508,92309508
34,"Jul 28, 2006",Miami Vice,135000000,63478838,163818556,227297394,92297394
35,"Nov 2, 2018",The Nutcracker and the Four Realms,132900000,54858851,170293899,225152750,92252750
19,"May 11, 2018",Breaking In,6000000,46840590,51411620,98252210,92252210
100,"Aug 19, 2011",Spy Kids: All the Time in the World,27000000,38536376,80681183,119217559,92217559
86,"May 18, 2012",What to Expect When You're Expecting,37500000,41152203,88473016,129625219,92125219
93,"Aug 20, 2010",Nanny McPhee and the Big Bang,35000000,29197642,97799865,126997507,91997507
31,"Dec 8, 1982",The Verdict,16000000,53977250,53977250,107954500,91954500
5,"Dec 3, 2004",House of Flying Daggers,12000000,11050094,92863945,103914039,91914039
64,"Jun 23, 2017",The Big Sick,5000000,42872467,53972860,96845327,91845327
92,"Mar 1, 1996",Up Close & Personal,60000000,51045801,100645801,151691602,91691602
42,"Apr 21, 2006",Silent Hill,50000000,46982632,94704227,141686859,91686859
64,"Oct 21, 2016",Moonlight,1500000,27854931,65245512,93100443,91600443
52,"Oct 2, 1992",The Mighty Ducks,10000000,50752337,50752337,101504674,91504674
61,"Oct 15, 2010",Hereafter,50000000,32746941,108660270,141407211,91407211
26,"Jun 20, 1980",The Blue Lagoon,4500000,47923795,47923795,95847590,91347590
34,"Oct 26, 2001",Thirteen Ghosts,19000000,41867960,68467960,110335920,91335920
91,"Apr 28, 2006",United 93,18000000,31567134,77635035,109202169,91202169
11,"Nov 20, 2009",Planet 51,60000000,42194060,108996113,151190173,91190173
32,"Jan 15, 1999",Varsity Blues,16000000,52894169,54294169,107188338,91188338
28,"Feb 15, 2013",Escape From Planet Earth,40000000,57012977,74156610,131169587,91169587
62,"Sep 16, 2005",Just Like Heaven,58000000,48318130,100687083,149005213,91005213
94,"Aug 26, 2016",Mechanic: Resurrection,40000000,21218403,109738840,130957243,90957243
59,"Jun 29, 2018",Sicario: Day of the Soldado,35000000,50065850,75885196,125951046,90951046
51,"Jul 30, 2010",Dinner for Schmucks,69000000,73026337,86796502,159822839,90822839
39,"Oct 14, 2011",Footloose,24000000,51802742,62989834,114792576,90792576
61,"Nov 3, 2006",Volver,9400000,12899867,87226613,100126480,90726480
61,"Apr 12, 2013",Scary Movie V,20000000,32015787,78613981,110629768,90629768
99,"Feb 9, 2007",Das Leben der Anderen,2000000,11284657,81197047,92481704,90481704
64,"Oct 10, 2008",Body of Lies,67500000,39394666,118556530,157951196,90451196
8,"Jun 11, 2004",Napoleon Dynamite,400000,44540956,46122713,90663669,90263669
6,"Oct 12, 2018",First Man,60000000,44936545,105203825,150140370,90140370
4,"Jan 11, 2013",Gangster Squad,60000000,46000903,104100903,150101806,90101806
19,"Jul 20, 1988",Midnight Run,30000000,38413606,81613606,120027212,90027212
46,"Jun 30, 1972",Deep Throat,25000,45000000,45000000,90000000,89975000
52,"Apr 7, 2006",The Benchwarmers,35000000,59843754,65063726,124907480,89907480
42,"Oct 13, 2006",The Grudge 2,20000000,39143839,70743839,109887678,89887678
99,"Mar 24, 2005",Miss Congeniality 2: Armed and Fabulous,60000000,48478006,101382396,149860402,89860402
16,"Oct 19, 2007",30 Days of Night,30000000,39568996,80276156,119845152,89845152
61,"Jul 7, 1995",First Knight,75000000,37361412,127361412,164722824,89722824
32,"Jan 25, 2002",The Count of Monte Cristo,40000000,54228104,75389090,129617194,89617194
12,"Jun 1, 2001",The Animal,22000000,55762229,55762229,111524458,89524458
28,"Dec 4, 2015",Krampus,15000000,42725475,61788393,104513868,89513868
48,"May 30, 2014",A Million Ways to Die in The West,40000000,42720965,86778557,129499522,89499522
79,"Nov 4, 2015",Brooklyn,11000000,38322743,62076141,100398884,89398884
46,"Apr 20, 2007",Hot Fuzz,16000000,23618786,81742618,105361404,89361404
6,"Oct 24, 2014",John Wick,30000000,43037835,76235001,119272836,89272836
43,"Jul 27, 2016",Nerve,20000000,38583626,70652284,109235910,89235910
3,"Nov 4, 1994",Frankenstein,45000000,22006296,112006296,134012592,89012592
73,"Jul 8, 2016",Mike and Dave Need Wedding Dates,33000000,46009673,75898100,121907773,88907773
88,"May 11, 2018",Life of the Party,30000000,53059911,65759911,118819822,88819822
36,"Dec 19, 2000",Finding Forrester,43000000,51768623,80013623,131782246,88782246
47,"Aug 25, 2017",Ballerina,30000000,21858070,96892829,118750899,88750899
74,"Apr 7, 1989",Major League,11000000,49793054,49793054,99586108,88586108
74,"Apr 12, 2002",Changing Lanes,45000000,66790248,66790248,133580496,88580496
38,"Jun 13, 1997",Speed 2: Cruise Control,110000000,48097081,150468000,198565081,88565081
34,"Jul 2, 2014",Deliver Us from Evil,30000000,30577122,87956618,118533740,88533740
57,"Aug 11, 2000",Autumn in New York,40000000,37752931,90717684,128470615,88470615
22,"Apr 15, 2016",Barbershop: The Next Cut,20000000,54030051,54404202,108434253,88434253
1,"Feb 18, 2011","Big Mommas: Like Father, Like Son",32000000,37915414,82332450,120247864,88247864
82,"Mar 10, 2006",The Shaggy Dog,60000000,61123569,87123569,148247138,88247138
88,"Dec 25, 1993",Tombstone,25000000,56505065,56505065,113010130,88010130
23,"Dec 7, 1990",Edward Scissorhands,20000000,53976987,53976987,107953974,87953974
26,"Oct 18, 2013",Carrie,30000000,35266619,82409520,117676139,87676139
86,"Nov 4, 2005",Jarhead,72000000,62647540,96947540,159595080,87595080
11,"Mar 6, 2015",Chappie,49000000,31569268,105002056,136571324,87571324
27,"Nov 6, 1998",The Siege,70000000,40934175,116625798,157559973,87559973
95,"Jun 20, 1980",The Blues Brothers,27000000,57229890,57229890,114459780,87459780
88,"Aug 30, 2013",One Direction: This is Us,10000000,28873374,68541786,97415160,87415160
55,"Mar 11, 2011",Red Riding Hood,42000000,37662162,91678442,129340604,87340604
33,"Nov 6, 1998",Elizabeth,25000000,30082699,82150642,112233341,87233341
71,"Sep 20, 2013",Rush,38000000,26947624,98230839,125178463,87178463
71,"Sep 17, 2010",Devil,10000000,33679655,63354114,97033769,87033769
33,"Nov 18, 2011",Happy Feet Two,135000000,64006466,157956466,221962932,86962932
54,"Mar 19, 2004",Eternal Sunshine of the Spotless Mind,20000000,34366518,72570762,106937280,86937280
35,"Oct 29, 1999",House on Haunted Hill,19000000,40846082,65090541,105936623,86936623
76,"Nov 9, 2011",J. Edgar,35000000,37306030,84606030,121912060,86912060
94,"Nov 23, 1988",Scrooged,32000000,59450353,59450353,118900706,86900706
29,"Jul 10, 1998",Small Soldiers,40000000,55143823,71743823,126887646,86887646
83,"Dec 21, 2018",Second Act,15700000,39282227,63288854,102571081,86871081
62,"Aug 31, 2001",Jeepers Creepers,10000000,37904175,58939035,96843210,86843210
65,"Dec 29, 1999",The Hurricane,38000000,50699241,73956241,124655482,86655482
2,"Aug 15, 2014",The Giver,25000000,45090374,66540205,111630579,86630579
78,"Aug 7, 1998",Snake Eyes,73000000,55591409,103891409,159482818,86482818
84,"Oct 23, 2009",Saw VI,11000000,27693292,69752402,97445694,86445694
7,"Oct 23, 2015",Paranormal Activity: The Ghost Dimension,10000000,18297124,77959374,96256498,86256498
58,"Feb 14, 2014",About Last Night,13000000,48637684,50445860,99083544,86083544
50,"Jun 12, 1963",Cleopatra,42000000,57000000,71000000,128000000,86000000
61,"Oct 10, 2014",St. Vincent,13000000,44137712,54837234,98974946,85974946
85,"May 25, 1969",Midnight Cowboy,3600000,44785053,44785053,89570106,85970106
81,"Sep 19, 1984",Amadeus,18000000,51973029,51973029,103946058,85946058
57,"Nov 21, 2007",This Christmas,13000000,49121934,49733545,98855479,85855479
26,"Feb 22, 2013",Snitch,15000000,42930462,57907734,100838196,85838196
61,"Dec 19, 1997",Mouse Hunt,38000000,61894591,61894591,123789182,85789182
56,"Aug 19, 1988",A Nightmare on Elm Street 4: The Dream Master,13000000,49369899,49369899,98739798,85739798
70,"May 19, 2017","Everything, Everything",10000000,34121140,61603136,95724276,85724276
38,"Feb 3, 2017",Rings,25000000,27793018,82917283,110710301,85710301
39,"Feb 18, 2005",Der Untergang,13500000,5501940,93631744,99133684,85633684
63,"Mar 31, 1999",10 Things I Hate About You,13000000,38177966,60413950,98591916,85591916
31,"Aug 6, 2004",Open Water,500000,30500882,55518641,86019523,85519523
81,"Jan 23, 2015",The Boy Next Door,4000000,36006065,53401938,89408003,85408003
32,"Dec 14, 2001",Not Another Teen Movie,15000000,37882551,62401343,100283894,85283894
23,"Feb 8, 2002",Big Fat Liar,15000000,47811275,52461017,100272292,85272292
53,"Oct 8, 2010",Secretariat,35000000,59699513,60376247,120075760,85075760
20,"Jan 1, 1979",The Deer Hunter,15000000,50000000,50009253,100009253,85009253
19,"Dec 21, 1994",Little Women,15000000,50003303,50003303,100006606,85006606
62,"Jul 19, 1996",Trainspotting,3100000,16501785,71558971,88060756,84960756
88,"Jul 6, 2012",Savages,45000000,47323100,82513490,129836590,84836590
82,"Aug 16, 1996",Tin Cup,45000000,53854588,75854588,129709176,84709176
75,"Apr 28, 2017",How to Be a Latin Lover,10000000,32149404,62556228,94705632,84705632
3,"Sep 25, 2009",Fame,18000000,22455510,80227619,102683129,84683129
52,"Aug 20, 2010",Piranha 3D,24000000,25003155,83660160,108663315,84663315
72,"Dec 9, 2011",Tinker Tailor Soldier Spy,21000000,24149393,81452811,105602204,84602204
61,"Feb 27, 1987",A Nightmare On Elm Street 3: Dream Warriors,5000000,44793222,44793222,89586444,84586444
79,"Aug 17, 2018",Alpha,51000000,35851379,99624873,135476252,84476252
31,"Sep 11, 2009",I Can Do Bad All By Myself,19000000,51733921,51733921,103467842,84467842
3,"Feb 10, 1982",Das Boot,12000000,11487676,84970337,96458013,84458013
4,"Jul 18, 1997",Nothing To Lose,25000000,44480039,64594061,109074100,84074100
95,"Jul 3, 2002",Like Mike,30000000,51432423,62432423,113864846,83864846
39,"Nov 17, 2017",The Star,20000000,40847995,62758010,103606005,83606005
29,"Sep 21, 2012",End of Watch,15000000,41003371,57586606,98589977,83589977
51,"Sep 1, 2010",The American,20000000,35606376,67950723,103557099,83557099
85,"Jun 8, 2007",La MÃ´me,15500000,10299782,88611837,98911619,83411619
27,"May 2, 2003",The Lizzie McGuire Movie,15000000,42734455,55534455,98268910,83268910
78,"Feb 13, 2019",Happy Death Day 2U,9000000,28051045,64179495,92230540,83230540
84,"Sep 26, 2003",Under the Tuscan Sun,18000000,43601508,57490024,101091532,83091532
62,"Jun 30, 1999","South Park: Bigger, Longer & Uncut",21000000,52037603,52037603,104075206,83075206
82,"Apr 11, 2008",Prom Night,18000000,43869350,57193655,101063005,83063005
36,"Dec 29, 2004",In Good Company,26000000,45489752,63489752,108979504,82979504
73,"Nov 1, 2013",Dallas Buyers Club,5000000,27298285,60611845,87910130,82910130
71,"Jan 30, 2004",You Got Served,8000000,40066497,50811858,90878355,82878355
25,"Mar 9, 2007",Gwoemul,12000000,2201923,92618117,94820040,82820040
11,"Apr 13, 2012",The Cabin in the Woods,30000000,42073277,70689968,112763245,82763245
60,"Dec 15, 1995",Sabrina,58000000,53458319,87100000,140558319,82558319
2,"Mar 23, 2007",Shooter,60000000,47003582,95538560,142542142,82542142
92,"Apr 22, 2011",Madea's Big Happy Family,25000000,53345287,54160818,107506105,82506105
84,"Apr 6, 2001",Pokemon 3: The Movie,3000000,17052128,68452128,85504256,82504256
7,"Dec 28, 2007",El orfanato,4000000,7159147,79250193,86409340,82409340
45,"May 12, 2006",Poseidon,160000000,60674817,181674817,242349634,82349634
67,"Feb 15, 2002",Crossroads,12000000,37188667,57000000,94188667,82188667
73,"Dec 23, 1998",The Thin Red Line,52000000,36400491,97709034,134109525,82109525
79,"Jul 30, 2004",The Manchurian Candidate,80000000,65948711,96148711,162097422,82097422
71,"Mar 26, 2004",The Ladykillers,35000000,39692139,77392139,117084278,82084278
31,"Apr 28, 2000",Frequency,31000000,44983704,68079671,113063375,82063375
64,"Jan 19, 2018",12 Strong,35000000,45819713,71118378,116938091,81938091
37,"Jan 22, 2010",Legion,26000000,40168080,67647574,107815654,81815654
25,"Nov 26, 2004",Les Choristes,5500000,3629758,83529758,87159516,81659516
8,"Apr 24, 2015",The Age of Adaline,30000000,42629776,68984536,111614312,81614312
37,"Feb 10, 2006",Firewall,50000000,48751189,82751189,131502378,81502378
20,"Oct 18, 1961",West Side Story,6000000,43700000,43700000,87400000,81400000
93,"Dec 19, 2008",The Tale of Despereaux,60000000,50877145,90482317,141359462,81359462
98,"Oct 7, 2005","Good Night, and Good Luck",7000000,31501218,56586901,88088119,81088119
46,"Jun 17, 1983",Superman III,39000000,59950623,59950623,119901246,80901246
81,"Apr 1, 2015",Woman in Gold,11000000,33307793,58586407,91894200,80894200
97,"Feb 14, 2008","Definitely, Maybe",7000000,32241649,55617866,87859515,80859515
14,"Mar 9, 2012",John Carter,275000000,73058679,282778100,355836779,80836779
3,"Feb 23, 2007",The Number 23,32000000,35193167,77593167,112786334,80786334
99,"Mar 14, 2003",Agent Cody Banks,25000000,47545060,58240458,105785518,80785518
83,"Nov 23, 2005","Yours, Mine and Ours",45000000,53359917,72359917,125719834,80719834
6,"Sep 7, 2012",The Inbetweeners,5700000,35955,86051320,86087275,80387275
63,"Jun 7, 2013",The Internship,58000000,44672764,93672764,138345528,80345528
13,"Dec 16, 2016",Collateral Beauty,36000000,31016021,85309093,116325114,80325114
28,"Oct 20, 2000",Bedazzled,48000000,37879996,90376224,128256220,80256220
35,"Nov 20, 2009",Red Cliff,40000000,627047,119627047,120254094,80254094
10,"Mar 26, 2010",Hot Tub Time Machine,36000000,50269859,65967750,116237609,80237609
71,"Oct 9, 1971",The French Connection,2200000,41158757,41158757,82317514,80117514
93,"Dec 13, 2013",Tyler Perry's A Madea Christmas,25000000,52543354,52543354,105086708,80086708
22,"Sep 29, 2006",The Guardian,70000000,55011732,94973540,149985272,79985272
96,"Sep 23, 2011",Abduction,35000000,28087155,86648359,114735514,79735514
36,"Nov 1, 2013",Ender's Game,110000000,61737191,127983283,189720474,79720474
25,"Feb 10, 2006",Curious George,50000000,58640119,71052604,129692723,79692723
99,"Nov 12, 2010",Skyline,10000000,21416355,68264973,89681328,79681328
26,"Dec 12, 1980",Popeye,20000000,49823037,49823037,99646074,79646074
54,"Sep 26, 1997",Soul Food,7500000,43492389,43492389,86984778,79484778
93,"Dec 20, 2013",Walking with Dinosaurs,80000000,36076121,123368842,159444963,79444963
45,"Aug 19, 2016",War Dogs,50000000,43034523,86234503,129269026,79269026
59,"Oct 4, 1962",The Longest Day,10000000,39100000,50100000,89200000,79200000
21,"Nov 22, 2013",Delivery Man,22000000,30659817,70536870,101196687,79196687
53,"Dec 25, 1990",The Godfather: Part III,54000000,66520529,66520529,133041058,79041058
67,"Jul 3, 2007",License to Wed,35000000,43799818,70187088,113986906,78986906
54,"Mar 13, 1998",The Man in the Iron Mask,35000000,56968169,56968169,113936338,78936338
100,"Jul 22, 2005",The Island,120000000,35818913,163018913,198837826,78837826
83,"Jun 3, 2005",Cinderella Man,88000000,61649911,105021488,166671399,78671399
65,"May 16, 1975",The Return of the Pink Panther,5000000,41833347,41833347,83666694,78666694
85,"Jul 11, 2014",Boyhood,4000000,25379975,57273049,82653024,78653024
38,"Sep 12, 1997",The Game,50000000,48265581,80369970,128635551,78635551
41,"Nov 8, 2013",The Book Thief,19000000,21488481,76086711,97575192,78575192
88,"May 22, 1981",The Four Seasons,6500000,42488161,42488161,84976322,78476322
66,"Oct 25, 2002",Ghost Ship,20000000,30113491,68349884,98463375,78463375
31,"Dec 16, 2009",Crazy Heart,8500000,39471742,47417251,86888993,78388993
88,"Sep 25, 2009",Surrogates,80000000,38577772,119668350,158246122,78246122
96,"Oct 23, 2015",The Last Witch Hunter,80000000,27367660,130818912,158186572,78186572
74,"Oct 7, 1960",Spartacus,12000000,30000000,60000000,90000000,78000000
21,"Oct 17, 1956",Around the World in 80 Days,6000000,42000000,42000000,84000000,78000000
70,"Jun 22, 1979",Escape from Alcatraz,8000000,43000000,43000000,86000000,78000000
55,"Sep 28, 2001",Zoolander,28000000,45172250,60780981,105953231,77953231
54,"May 11, 2007",28 Weeks Later,15000000,28638916,64232714,92871630,77871630
83,"Oct 27, 1995",Leaving Las Vegas,4000000,31983777,49800000,81783777,77783777
75,"Apr 23, 2010",The Back-up Plan,35000000,37490007,75281179,112771186,77771186
24,"Nov 30, 2001",Behind Enemy Lines,40000000,58855732,58855732,117711464,77711464
73,"Apr 25, 1997",Volcano,90000000,47546796,120100000,167646796,77646796
48,"Oct 5, 2012",Frankenweenie,39000000,35287788,81150788,116438576,77438576
6,"Feb 27, 2004","Good Bye, Lenin!",6400000,4063859,79384539,83448398,77048398
91,"Jun 27, 2014",Begin Again,8000000,16170632,68838736,85009368,77009368
71,"Feb 1, 2008",The Eye,12000000,31418697,57577765,88996462,76996462
73,"Nov 20, 1998",Waking Ned Devine,3000000,24793251,55193251,79986502,76986502
69,"Mar 10, 2000",Mission to Mars,90000000,60874615,106000000,166874615,76874615
31,"Aug 27, 2004",Anacondas: The Hunt for the Blood Orchid,25000000,31526393,70326393,101852786,76852786
75,"Oct 11, 2002",Bowling for Columbine,3000000,21576018,58240487,79816505,76816505
25,"Sep 7, 2007",3:10 to Yuma,48000000,53606916,71171825,124778741,76778741
36,"Feb 26, 2010",The Crazies,19000000,39123589,56445534,95569123,76569123
91,"Jan 6, 2017",Underworld: Blood Wars,35000000,30353973,81209222,111563195,76563195
52,"Oct 12, 2012",Here Comes the Boom,42000000,45290318,73239258,118529576,76529576
16,"May 24, 2006",An Inconvenient Truth,1000000,24146161,53365925,77512086,76512086
60,"Aug 12, 1988",Young Guns,13000000,44726644,44726644,89453288,76453288
39,"Nov 23, 2001",In the Bedroom,1700000,35930604,42137871,78068475,76368475
82,"Oct 16, 2009",Where the Wild Things Are,100000000,77233467,99123656,176357123,76357123
27,"Aug 25, 2006",Invincible,40000000,57806952,58501127,116308079,76308079
76,"Jan 25, 2002",A Walk to Remember,11000000,41227069,46060861,87287930,76287930
50,"Nov 16, 2018",Widows,40000000,42402632,73866088,116268720,76268720
68,"Mar 7, 2008",The Bank Job,20000000,30060660,66143005,96203665,76203665
1,"Aug 4, 2006",The Descent,7000000,26024456,57051053,83075509,76075509
89,"Jan 7, 2011",Season of the Witch,40000000,24827228,91126600,115953828,75953828
85,"Jan 26, 2007",Smokin' Aces,17000000,35662731,57263440,92926171,75926171
72,"Jun 28, 1985",Pale Rider,6900000,41410568,41410568,82821136,75921136
91,"Nov 7, 1997",Starship Troopers,100000000,54768952,121100000,175868952,75868952
11,"Dec 20, 2002",The Wild Thornberrys Movie,25000000,40108697,60694737,100803434,75803434
52,"Mar 4, 2005",Be Cool,75000000,55849401,94944017,150793418,75793418
47,"Nov 6, 2009",The Men Who Stare at Goats,24000000,32428195,67348218,99776413,75776413
91,"Feb 12, 1999",Message in a Bottle,30000000,52880016,52880016,105760032,75760032
83,"Mar 8, 2002",The Time Machine,80000000,56684819,98983590,155668409,75668409
14,"Apr 8, 2011",Hanna,30000000,40259119,65343694,105602813,75602813
32,"Jun 15, 1977",A Bridge Too Far,26000000,50800000,50800000,101600000,75600000
90,"Jul 21, 2017",Valerian and the City of a Thousand Planets,180000000,40479370,215098356,255577726,75577726
20,"Mar 21, 2014",Muppets Most Wanted,55000000,51178893,79312301,130491194,75491194
29,"Jul 18, 1990",Arachnophobia,31000000,53208180,53208180,106416360,75416360
55,"Aug 14, 2015",The Man From U.N.C.L.E.,75000000,45445109,104949584,150394693,75394693
66,"May 31, 2019",MA,5000000,36049540,44300625,80350165,75350165
33,"Dec 3, 2014",Wild,15000000,37880356,52460543,90340899,75340899
31,"Oct 20, 2017",Tyler Perryâs Boo 2! A Madea Halloween,20000000,47319572,47879572,95199144,75199144
24,"Nov 24, 2010",Burlesque,55000000,39440655,90552675,129993330,74993330
92,"Dec 5, 2003",Honey,18000000,30272254,62646763,92919017,74919017
20,"May 8, 1963",Dr. No,1000000,16067035,59567035,75634070,74634070
94,"Jul 7, 2000",The Kid,65000000,69688384,69688384,139376768,74376768
13,"Jul 2, 2013",The Lone Ranger,275000000,89302115,260002115,349304230,74304230
34,"Oct 31, 2014",Nightcrawler,8500000,32381218,50334418,82715636,74215636
13,"Oct 7, 1963",Tom Jones,1000000,37600000,37600000,75200000,74200000
37,"Oct 6, 2006",The Texas Chainsaw Massacre: The Beginning,16000000,39517763,50517763,90035526,74035526
89,"Nov 23, 2011",Hugo,180000000,73864507,180047784,253912291,73912291
39,"Feb 4, 2011",The Roommate,16000000,37300107,52545707,89845814,73845814
22,"Jul 25, 1980",Caddyshack,6000000,39846344,39846344,79692688,73692688
59,"Jun 4, 2010",Marmaduke,50000000,33644788,89895930,123540718,73540718
70,"Aug 18, 2000",The Original Kings of Comedy,3000000,38168022,38236338,76404360,73404360
92,"Nov 12, 1993",The Piano,7000000,40157856,40168957,80326813,73326813
41,"Oct 10, 2014",The Judge,50000000,47119388,76119388,123238776,73238776
47,"Feb 2, 2007",Because I Said So,39000000,42674040,69538833,112212873,73212873
80,"Feb 20, 2015","McFarland, USA",17000000,44480275,45707924,90188199,73188199
66,"Mar 24, 2017",Life,58000000,30234022,100929666,131163688,73163688
40,"Feb 2, 2007",The Messengers,16000000,35374833,53774833,89149666,73149666
14,"May 26, 2000",Shanghai Noon,55000000,56932305,71189835,128122140,73122140
97,"May 23, 1986",Cobra,25000000,49042224,49042224,98084448,73084448
81,"Apr 7, 2000",Rules of Engagement,60000000,61322858,71719931,133042789,73042789
83,"Apr 8, 2011",Soul Surfer,18000000,43853424,47158652,91012076,73012076
90,"Aug 15, 2008",Mirrors,35000000,30691439,77220596,107912035,72912035
91,"Oct 17, 1979",The Black Stallion,2700000,37799643,37799643,75599286,72899286
6,"Oct 15, 1999",Fight Club,65000000,37030102,100851705,137881807,72881807
96,"Jan 24, 2003",Darkness Falls,7000000,32539681,47289758,79829439,72829439
7,"Oct 15, 1993",The Beverly Hillbillies,25000000,42222647,55598481,97821128,72821128
83,"Dec 8, 2017","I, Tonya",11000000,30014534,53797409,83811943,72811943
30,"Nov 21, 2007",August Rush,25000000,31664162,65882103,97546265,72546265
80,"Apr 20, 1977",Annie Hall,4000000,38251425,38251425,76502850,72502850
43,"Jun 20, 2014",Jersey Boys,40000000,47047013,65282732,112329745,72329745
80,"Aug 10, 2018",Slender Man,10000000,30564825,51723644,82288469,72288469
30,"Jan 15, 2016",13 Hours: The Secret Soldiers of Benghazi,50000000,52853219,69411370,122264589,72264589
68,"Feb 28, 1997",Donnie Brasco,35000000,41954997,65303052,107258049,72258049
22,"Feb 5, 2016","Hail, Caesar!",22000000,30080225,64160680,94240905,72240905
79,"Aug 9, 1996",Jack,45000000,58617334,58617334,117234668,72234668
24,"Dec 27, 2006",Perfume: The Story of a Murderer,63700000,2223293,133603463,135826756,72126756
96,"Mar 18, 1994",Naked Gun 33 1/3: The Final Insult,30000000,51041856,51041856,102083712,72083712
64,"Nov 5, 1993",The Remains of the Day,15000000,22954968,63954968,86909936,71909936
75,"Apr 11, 2008",Street Kings,20000000,26418667,65457811,91876478,71876478
91,"Aug 21, 2015",Sinister 2,10000000,27740955,54104225,81845180,71845180
70,"Aug 21, 2002",One Hour Photo,12000000,31597131,52223306,83820437,71820437
12,"Dec 22, 1989",Tango & Cash,55000000,63408614,63408614,126817228,71817228
54,"Mar 23, 2018",Sherlock Gnomes,59000000,43242871,87527651,130770522,71770522
99,"Sep 30, 2005",Capote,7000000,28750530,49924079,78674609,71674609
17,"Jul 30, 2010",Cats & Dogs: The Revenge of Kitty Galore,85000000,43585753,113026383,156612136,71612136
19,"Nov 11, 2005",Derailed,22000000,36020063,57520063,93540126,71540126
13,"May 8, 2015",La famille BÃ©lier,11000000,0,82438670,82438670,71438670
84,"Jul 27, 2018",Teen Titans Go! To The Movies,10000000,29790236,51620593,81410829,71410829
20,"Dec 11, 1987",Wall Street,16500000,43848100,43848100,87696200,71196200
65,"Feb 16, 2001",Recess: School's Out,10000000,36696761,44451470,81148231,71148231
78,"Jan 31, 2014",That Awkward Moment,8000000,26068955,53068955,79137910,71137910
70,"Aug 13, 1982",Friday the 13th Part 3,2250000,36690067,36690067,73380134,71130134
84,"Dec 26, 2001",Monster's Ball,4000000,31273922,43766463,75040385,71040385
85,"Jun 29, 2018",Uncle Drew,18000000,42469946,46527161,88997107,70997107
58,"Feb 17, 1989",Bill & Ted's Excellent Adventure,10000000,40485039,40485039,80970078,70970078
64,"Apr 16, 2010",Death at a Funeral,21000000,42739347,48977233,91716580,70716580
58,"Oct 24, 2003",Radio,35000000,52333738,53293628,105627366,70627366
63,"Jun 18, 1982",Firefox,21000000,45785720,45785720,91571440,70571440
22,"Aug 19, 2016",Kubo and the Two Strings,55000000,48023088,77548122,125571210,70571210
6,"Nov 20, 2015",The Night Before,25000000,43035725,52427346,95463071,70463071
77,"Oct 21, 2011",The Three Musketeers,90000000,20377913,139877913,160255826,70255826
35,"Mar 30, 2018",Acrimony,20000000,43549096,46627836,90176932,70176932
27,"Apr 7, 2006",Take the Lead,30000000,34742066,65390493,100132559,70132559
27,"Dec 25, 2001",Kate and Leopold,48000000,47095453,70937778,118033231,70033231
78,"Oct 25, 2002",Frida,12000000,25885000,56131239,82016239,70016239
15,"Dec 14, 2007",The Kite Runner,20000000,15800078,74180745,89980823,69980823
12,"Jun 13, 2003",Rugrats Go Wild,25000000,39402572,55443032,94845604,69845604
71,"Nov 21, 2007",The Mist,13000000,25593755,57189408,82783163,69783163
33,"May 23, 1980",The Shining,19000000,44017374,44728227,88745601,69745601
80,"Oct 7, 1994",The Specialist,45000000,57362581,57362581,114725162,69725162
8,"Aug 21, 2015",Hitman: Agent 47,35000000,22467450,82182803,104650253,69650253
60,"Feb 16, 1996",Happy Gilmore,10000000,38623460,41004412,79627872,69627872
73,"Sep 22, 2017",Victoria and Abdul,21000000,22245070,68271146,90516216,69516216
58,"Jun 22, 2012",To Rome with Love,21500000,16684352,74326015,91010367,69510367
64,"Apr 25, 2008",Harold & Kumar Escape from Guantanamo Bay,12000000,38108728,43353117,81461845,69461845
77,"Feb 18, 2000",Pitch Black,23000000,39235088,53182088,92417176,69417176
22,"Sep 21, 2007",Good Luck Chuck,25000000,35017297,59183821,94201118,69201118
63,"Nov 26, 2008",Milk,20000000,31841299,57293371,89134670,69134670
72,"May 6, 2011",Something Borrowed,35000000,39046489,65084116,104130605,69130605
33,"Feb 20, 2015",The DUFF,8500000,34030343,43528634,77558977,69058977
60,"Aug 26, 2011",Colombiana,40000000,36665854,72295262,108961116,68961116
32,"Feb 8, 2013",Side Effects,30000000,32172757,66742138,98914895,68914895
73,"Sep 21, 2012",House at the End of the Street,6900000,31611916,44103982,75715898,68815898
5,"Mar 8, 1996",Fargo,7000000,24567751,51204567,75772318,68772318
82,"Dec 20, 2006",Letters from Iwo Jima,13000000,13756082,67867998,81624080,68624080
1,"Sep 19, 1990",Goodfellas,25000000,46743809,46777347,93521156,68521156
93,"May 6, 2011",Jumping the Broom,7000000,37295394,38158601,75453995,68453995
77,"Nov 9, 1988",Child's Play,9000000,33244684,44196684,77441368,68441368
8,"Mar 26, 1970",Woodstock,600000,34505110,34505110,69010220,68410220
4,"Apr 13, 2012",The Three Stooges,30000000,44338224,54052249,98390473,68390473
73,"Sep 30, 2011",50/50,8000000,35016118,41334735,76350853,68350853
62,"Jul 2, 2014",Earth to Echo,13000000,38934842,42174545,81109387,68109387
82,"Jan 10, 1952",The Greatest Show on Earth,4000000,36000000,36000000,72000000,68000000
61,"Jun 25, 1976",Silent Movie,4400000,36145695,36145695,72291390,67891390
66,"Mar 1, 2013",Jack the Giant Slayer,195000000,65187603,197687603,262875206,67875206
87,"Sep 30, 2011",Courageous,2000000,34522221,35185884,69708105,67708105
54,"Jun 4, 2010",Killers,75000000,47059963,95572749,142632712,67632712
10,"Nov 2, 2001",The One,49000000,43905746,72689126,116594872,67594872
100,"Jul 6, 2016",Sultan,11000000,5599781,72989781,78589562,67589562
81,"Nov 11, 2016",Almost Christmas,17000000,42065185,42493506,84558691,67558691
78,"Aug 17, 2018",Mile 22,35000000,36108758,66295121,102403879,67403879
66,"Jul 29, 2005",Must Love Dogs,35000000,43894863,58405313,102300176,67300176
61,"Apr 10, 2015",The Longest Ride,34000000,37446117,63802928,101249045,67249045
87,"May 6, 2005",House of Wax,35000000,32064800,70064800,102129600,67129600
29,"Jun 26, 1998",Out of Sight,48000000,37562568,77562568,115125136,67125136
36,"Aug 15, 2012",The Odd Life of Timothy Green,40000000,51853450,55249159,107102609,67102609
25,"Jul 1, 2011",Larry Crowne,30000000,35608245,61449135,97057380,67057380
67,"Sep 16, 1953",The Robe,5000000,36000000,36008303,72008303,67008303
17,"Nov 22, 1996",Shine,5500000,35811509,36672493,72484002,66984002
24,"Dec 17, 2008",The Wrestler,6000000,26238243,46634275,72872518,66872518
72,"Apr 11, 2014",Oculus,5000000,27695246,44115496,71810742,66810742
80,"Oct 17, 2008",The Secret Life of Bees,11000000,37780486,39994347,77774833,66774833
58,"Dec 12, 2008",Doubt,20000000,33446470,53191101,86637571,66637571
30,"Feb 13, 2019",Isnât it Romantic,31000000,48791187,48791187,97582374,66582374
69,"Dec 4, 1981",Reds,33500000,50000000,50000000,100000000,66500000
29,"Sep 26, 2008",Fireproof,500000,33456317,33473297,66929614,66429614
89,"Jan 11, 2002",Orange County,18000000,41059716,43308707,84368423,66368423
36,"Jun 26, 2015",Max,20000000,42656255,43658157,86314412,66314412
8,"Jan 29, 2010",Edge of Darkness,60000000,43313890,82812456,126126346,66126346
23,"Feb 28, 2003",Cradle 2 the Grave,25000000,34657731,56434942,91092673,66092673
63,"Nov 18, 1983",Yentl,12000000,39012241,39012241,78024482,66024482
84,"Oct 10, 2003",Good Boy!,17000000,37667746,45312217,82979963,65979963
95,"Feb 2, 2018",Winchester,3500000,25091816,44378040,69469856,65969856
15,"Apr 17, 2009",State of Play,60000000,37017955,88832210,125850165,65850165
69,"Apr 25, 2014",Brick Mansions,28000000,20396829,73421224,93818053,65818053
38,"Aug 29, 2012",Lawless,26000000,37397291,54393687,91790978,65790978
79,"Mar 21, 2008",Shutter,8000000,25928550,47782426,73710976,65710976
93,"Nov 6, 2009",The Fourth Kind,10000000,26218170,49486874,75705044,65705044
63,"Jun 28, 1985",St. Elmoâs Fire,10000000,37800000,37800000,75600000,65600000
89,"Aug 25, 1939",The Wizard of Oz,2777000,34063405,34305476,68368881,65591881
30,"Dec 25, 1998",The Faculty,15000000,40283321,40283321,80566642,65566642
62,"May 3, 1996",The Craft,15000000,24769466,55669466,80438932,65438932
69,"Mar 20, 1998",Wild Things,20000000,29795299,55576699,85371998,65371998
88,"Oct 19, 2001",From Hell,35000000,31598308,68712365,100310673,65310673
10,"Feb 19, 2002",Reign of Fire,60000000,43061982,82150183,125212165,65212165
74,"Aug 26, 2015",No Escape,5000000,27288872,42844516,70133388,65133388
85,"Feb 29, 2008",The Other Boleyn Girl,40000000,26814957,78269970,105084927,65084927
3,"Dec 9, 1983",Scarface,25000000,44942821,44942821,89885642,64885642
64,"Dec 11, 1968",Oliver!,10000000,37402877,37402877,74805754,64805754
87,"Oct 10, 1986",Peggy Sue Got Married,18000000,41382841,41382841,82765682,64765682
68,"Sep 13, 1991",Freddyâs Dead: The Final Nightmare,5000000,34872033,34872033,69744066,64744066
36,"Aug 2, 2002",The Master of Disguise,16000000,40363530,40363530,80727060,64727060
43,"Apr 24, 1998",Sliding Doors,6000000,11911200,58809149,70720349,64720349
98,"Mar 28, 2008",Superhero Movie,35000000,26638520,73026302,99664822,64664822
79,"Nov 12, 1999",Dogma,10000000,30651422,43948865,74600287,64600287
88,"Dec 26, 2001",Gosford Park,18000000,41300105,41300105,82600210,64600210
80,"Jul 10, 2015",The Gallows,100000,22764410,41656474,64420884,64320884
11,"May 2, 1997",Breakdown,36000000,50159144,50159144,100318288,64318288
44,"Mar 13, 2009",The Last House on the Left,15000000,32752215,46526243,79278458,64278458
57,"Feb 25, 2011",Hall Pass,68000000,45060734,87173475,132234209,64234209
13,"Jul 13, 2012",2016: Obamaâs America,2500000,33349941,33349941,66699882,64199882
24,"Mar 17, 2006",She's the Man,25000000,33889159,55279608,89168767,64168767
41,"Sep 19, 2008",Lakeview Terrace,20000000,39263506,44821299,84084805,64084805
13,"Nov 10, 2006",Stranger Than Fiction,30000000,40435190,53572822,94008012,64008012
37,"Mar 21, 2008",Meet the Browns,20000000,41975388,41975388,83950776,63950776
65,"Aug 16, 2013",Kick-Ass 2,28000000,28795985,63129909,91925894,63925894
46,"Feb 4, 2005",The Wedding Date,15000000,31726995,47175038,78902033,63902033
12,"Sep 12, 2014",Dolphin Tale 2,36000000,42024533,57824533,99849066,63849066
99,"Feb 26, 2010",Cop Out,37000000,44875481,55909910,100785391,63785391
34,"Sep 4, 2015",The Transporter Refueled,22000000,16029670,69698495,85728165,63728165
59,"Oct 15, 2004",Team America: World Police,20000000,32774834,50948811,83723645,63723645
84,"May 13, 2005",Kicking and Screaming,45000000,52842724,55842724,108685448,63685448
63,"Oct 6, 1995",Assassins,50000000,30306268,83306268,113612536,63612536
71,"Dec 18, 1957",The Bridge on the River Kwai,3000000,33300000,33300000,66600000,63600000
53,"Jun 12, 1968",Rosemary's Baby,3200000,33395426,33395426,66790852,63590852
90,"Jan 11, 2013",Quartet,11000000,18388357,56178935,74567292,63567292
65,"Mar 19, 1993",Teenage Mutant Ninja Turtles III,21000000,42273609,42273609,84547218,63547218
15,"Dec 25, 2013",August: Osage County,25000000,37738810,50738810,88477620,63477620
11,"Mar 16, 2001",Enemy at the Gates,85000000,51396781,96971293,148368074,63368074
2,"Apr 13, 1984",Friday the 13th Part IV: The Final Chapter,2600000,32980880,32980880,65961760,63361760
53,"Apr 5, 2002",High Crimes,42000000,41543207,63781100,105324307,63324307
31,"Jun 9, 1993",What's Love Got to Do With It,15000000,39100956,39100956,78201912,63201912
90,"Aug 26, 2005",The Brothers Grimm,80000000,37899638,105299638,143199276,63199276
20,"Jun 30, 1995",Judge Dredd,85000000,34687912,113487912,148175824,63175824
48,"Feb 19, 2016",Risen,20000000,36880033,46255763,83135796,63135796
72,"May 3, 2019",The Intruder,8000000,35095904,36005871,71101775,63101775
74,"Nov 6, 1996",Set It Off,9000000,36049108,36049108,72098216,63098216
75,"Aug 18, 2006",Snakes on a Plane,33000000,34020814,62020814,96041628,63041628
5,"Nov 20, 1987",The Last Emperor,25000000,43984987,44005073,87990060,62990060
58,"Oct 25, 2013",The Counselor,25000000,16973715,71009334,87983049,62983049
42,"Jan 28, 2011",The Mechanic,42500000,29121498,76347393,105468891,62968891
66,"Sep 14, 2001",Hardball,21000000,40222729,43728560,83951289,62951289
95,"Jan 12, 2000",My Dog Skip,7000000,34099640,35795319,69894959,62894959
37,"Jan 16, 2009",Notorious,19000000,36843682,44972183,81815865,62815865
66,"Nov 6, 1981",Time Bandits,12000000,37400000,37400000,74800000,62800000
30,"Nov 15, 1974",Benji,500000,31559560,31559560,63119120,62619120
51,"Apr 16, 1999",Life,75000000,64062587,73521587,137584174,62584174
47,"Dec 12, 1997",Amistad,40000000,44212592,58250151,102462743,62462743
66,"Jul 10, 1985",Mad Max Beyond Thunderdome,10000000,36230219,36230219,72460438,62460438
23,"Feb 9, 2018",The 15:17 to Paris,30000000,36276286,56096200,92372486,62372486
72,"Jan 1, 1978",Coming Home,3000000,32653000,32653000,65306000,62306000
21,"Sep 7, 2018",Peppermint,25000000,35418723,51800758,87219481,62219481
41,"Jan 11, 2019",A Dogâs Way Home,61000000,41952715,81149689,123102404,62102404
94,"Feb 19, 2016",The Witch,3500000,25138705,40454520,65593225,62093225
14,"Jul 3, 2013",Kevin Hart: Let Me Explain,2500000,32244051,32327255,64571306,62071306
55,"Jan 4, 2013",Texas Chainsaw 3D,20000000,34341945,47666013,82007958,62007958
67,"Nov 3, 1977",Peteâs Dragon,10000000,36000000,36000000,72000000,62000000
26,"Dec 25, 2005",Rumor Has It,70000000,42996140,88933562,131929702,61929702
1,"Sep 22, 1989",Black Rain,30000000,45892212,45892212,91784424,61784424
74,"Apr 3, 1996",A Thin Line Between Love & Hate,8000000,34873513,34873513,69747026,61747026
15,"Aug 16, 2002",Blue Crush,30000000,40118420,51618420,91736840,61736840
51,"May 12, 2017",Snatched,42000000,45852178,57852177,103704355,61704355
96,"Dec 25, 1994",The Jungle Book,27000000,44342956,44342956,88685912,61685912
12,"Mar 20, 2009",Duplicity,60000000,40572825,81079566,121652391,61652391
69,"Oct 10, 2008",Quarantine,12000000,31691811,41924774,73616585,61616585
67,"Jan 8, 2010",Daybreakers,20000000,30101577,51445503,81547080,61547080
83,"Sep 28, 2007",The Kingdom,72500000,47467250,86509602,133976852,61476852
97,"Aug 6, 2008",The Sisterhood of the Traveling Pants 2,27000000,44089964,44270131,88360095,61360095
61,"Nov 18, 1992",Malcolm X,35000000,48169910,48169910,96339820,61339820
72,"Aug 5, 2011",The Change-Up,52000000,37243418,75997067,113240485,61240485
56,"Feb 23, 1996",Rumble in the Bronx,7500000,32281907,36238752,68520659,61020659
45,"Sep 12, 2008",The Women,16000000,26902075,50103808,77005883,61005883
99,"Feb 8, 1968",Planet of the Apes,5800000,33395426,33395426,66790852,60990852
6,"Sep 23, 2005",A History of Violence,32000000,31493782,61477797,92971579,60971579
34,"Sep 27, 2006",The Last King of Scotland,6000000,17606684,49155371,66762055,60762055
62,"Mar 12, 2010",She's Out of My League,20000000,32010860,48680977,80691837,60691837
6,"Nov 5, 2010",127 Hours,18000000,18335230,60217171,78552401,60552401
18,"Sep 3, 2010",Machete,12500000,26593646,46370970,72964616,60464616
41,"Mar 2, 2001",See Spot Run,16000000,33357476,43057552,76415028,60415028
35,"Jan 23, 1998",Spice World,25000000,29342592,56042592,85385184,60385184
94,"Mar 15, 2019",Wonder Park,100000000,45216793,115149422,160366215,60366215
37,"Apr 27, 2012",The Five-Year Engagement,30000000,28700285,61623819,90324104,60324104
15,"Jul 28, 2004",Garden State,2500000,26782316,36028802,62811118,60311118
58,"Aug 4, 1989","Sex, Lies, and Videotape",1200000,24741667,36741667,61483334,60283334
77,"Mar 16, 2001",Memento,5000000,25544867,39723096,65267963,60267963
18,"Sep 27, 2013",Don Jon,5500000,24477704,41268579,65746283,60246283
69,"Oct 4, 1985",Commando,10000000,35073978,35073978,70147956,60147956
1,"Jul 18, 2008",Space Chimps,37000000,30105968,67029956,97135924,60135924
67,"Sep 19, 2014",A Walk Among the Tombstones,28000000,26017685,62108587,88126272,60126272
67,"Mar 23, 2001",Heartbreakers,38000000,40334024,57753825,98087849,60087849
2,"Jun 26, 1987",Full Metal Jacket,30000000,45015999,45015999,90031998,60031998
12,"Sep 19, 2003",Secondhand Lions,30000000,42070939,47902566,89973505,59973505
27,"Apr 29, 2016",Motherâs Day,25000000,32492859,52367022,84859881,59859881
75,"Sep 1, 2006",Crank,12000000,27838408,43924923,71763331,59763331
40,"Jun 18, 1986",Legal Eagles,40000000,49851591,49851591,99703182,59703182
76,"Oct 22, 1999",The Best Man,9000000,34102780,34572780,68675560,59675560
42,"Apr 28, 2000",Where the Heart Is,15000000,33771174,40862054,74633228,59633228
77,"Dec 25, 2013",Grudge Match,40000000,29807260,69807260,99614520,59614520
42,"Sep 20, 1991",The Fisher King,24000000,41798224,41798224,83596448,59596448
51,"Mar 12, 2010",Remember Me,16000000,19068240,56506120,75574360,59574360
18,"May 25, 2012",Chernobyl Diaries,1000000,18119640,42411721,60531361,59531361
51,"Jun 12, 1981",Clash of the Titans,15000000,30000000,44400000,74400000,59400000
65,"Jan 15, 1993",Nowhere to Run,15000000,22189039,52189039,74378078,59378078
55,"Jul 17, 2009",(500) Days of Summer,7500000,32425665,34439060,66864725,59364725
49,"Aug 5, 1953",From Here to Eternity,1650000,30500000,30500000,61000000,59350000
68,"Jan 5, 2007",Freedom Writers,21000000,36605602,43632609,80238211,59238211
77,"Dec 31, 1999",Fantasia 2000 (Theatrical Release),80000000,69610858,69618634,139229492,59229492
76,"Feb 27, 2015",The Lazarus Effect,5000000,25801570,38359310,64160880,59160880
58,"Oct 27, 2000",Book of Shadows: Blair Witch 2,15000000,26421314,47721314,74142628,59142628
91,"Dec 13, 1996",Mars Attacks!,80000000,37771017,101371017,139142034,59142034
41,"Sep 4, 2009",All About Steve,15000000,33862903,40127259,73990162,58990162
14,"Sep 14, 2007",Dragon Wars: D-War,32000000,10977721,79915361,90893082,58893082
37,"Oct 18, 2013",Escape Plan,70000000,25135965,103735965,128871930,58871930
47,"Oct 13, 2006",Man of the Year,20000000,37442180,41342180,78784360,58784360
36,"Dec 23, 1977",High Anxiety,3400000,31063038,31063038,62126076,58726076
100,"Dec 25, 2018",Vice,60000000,47836282,70883171,118719453,58719453
75,"Sep 2, 2015",A Walk in the Woods,8000000,29499394,37119358,66618752,58618752
39,"Aug 20, 2010",The Switch,19000000,27758465,49858465,77616930,58616930
52,"Jun 10, 2005",The Adventures of Sharkboy and Lavagirl in 3-D,50000000,39177684,69425966,108603650,58603650
75,"Apr 20, 1979",Dawn of the Dead,1500000,5100000,55000000,60100000,58600000
13,"Sep 12, 2008",Righteous Kill,60000000,40081410,78481410,118562820,58562820
85,"Feb 8, 2008",Welcome Home Roscoe Jenkins,27500000,42436517,43607627,86044144,58544144
35,"Sep 3, 2004",Tae Guik Gi: The Brotherhood of War,12500000,1110186,69826708,70936894,58436894
49,"Nov 19, 2010",The Next Three Days,30000000,21148651,67255916,88404567,58404567
81,"Sep 20, 2002",The Banger Sisters,10000000,30306281,38067218,68373499,58373499
66,"Feb 9, 2007",Hannibal Rising,50000000,27669725,80583311,108253036,58253036
28,"Oct 16, 1998",Bride of Chucky,25000000,32404188,50692188,83096376,58096376
84,"Aug 29, 2014","As Above, So Below",5000000,21222315,41824066,63046381,58046381
84,"Aug 19, 2011",One Day,15000000,13843771,59168692,73012463,58012463
22,"Sep 13, 2013",The Family,30000000,36918811,51078541,87997352,57997352
16,"Oct 4, 1996",That Thing You Do!,2500000,25857416,34557416,60414832,57914832
65,"Aug 31, 2011",The Debt,20000000,31177548,46604054,77781602,57781602
85,"Dec 9, 1981",Taps,14000000,35856053,35856053,71712106,57712106
20,"Sep 4, 2015",Tian jiang xiong shi,65000000,74070,122519874,122593944,57593944
1,"Dec 26, 2008",Revolutionary Road,45000000,22951340,79604820,102556160,57556160
93,"Mar 3, 2006",16 Blocks,45000000,36895141,65595141,102490282,57490282
92,"Jan 8, 2016",The Forest,10000000,26594261,40749230,67343491,57343491
57,"Mar 17, 2006",Thank You For Smoking,7500000,24793509,40016662,64810171,57310171
23,"Sep 25, 1998",Ronin,55000000,41610884,70692101,112302985,57302985
89,"Jan 1, 1980",Dressed to Kill,6500000,31899000,31899000,63798000,57298000
24,"Nov 21, 1997",Mortal Kombat: Annihilation,30000000,35927406,51327406,87254812,57254812
9,"Aug 22, 1997",Money Talks,25000000,41076865,41076865,82153730,57153730
43,"Aug 28, 2009",Halloween 2,15000000,33392973,38512850,71905823,56905823
90,"Oct 6, 2006",Employee of the Month,10000000,28444855,38364855,66809710,56809710
72,"Nov 22, 2002",Friday After Next,10000000,33253609,33526835,66780444,56780444
89,"Jun 8, 2001",Evolution,80000000,38311134,98341932,136653066,56653066
86,"Feb 24, 2012",Tyler Perry's Good Deeds,14000000,35025791,35579177,70604968,56604968
92,"Apr 14, 2006",The Wild,80000000,37384046,99010667,136394713,56394713
37,"Apr 14, 2000",28 Days,43000000,37035515,62063972,99099487,56099487
43,"Nov 13, 1998",I Still Know What You Did Last Summer,24000000,40020622,40020622,80041244,56041244
74,"Mar 22, 1985",The Last Dragon,10000000,33000000,33000000,66000000,56000000
35,"Jul 31, 1987",The Lost Boys,8500000,32222567,32222567,64445134,55945134
13,"Nov 21, 2003",21 Grams,20000000,16248701,59667625,75916326,55916326
66,"Oct 12, 2007",We Own the Night,28000000,28563179,55307857,83871036,55871036
65,"Jun 6, 2003",Whale Rider,4300000,20779666,39374600,60154266,55854266
63,"Oct 26, 2012",Cloud Atlas,102000000,27108272,130673154,157781426,55781426
87,"Jun 11, 2004",The Stepford Wives,100000000,59475623,96221971,155697594,55697594
71,"Dec 17, 1999",Bicentennial Man,90000000,58220776,87420776,145641552,55641552
13,"Jun 1, 2005",The Sisterhood of the Traveling Pants,25000000,39053061,41560117,80613178,55613178
57,"Sep 19, 2014",This is Where I Leave You,20000000,34296320,41296320,75592640,55592640
15,"Feb 8, 1976",Taxi Driver,1000000,28262574,28316211,56578785,55578785
100,"Dec 25, 2015",Point Break,100000000,28782481,126704591,155487072,55487072
87,"Jan 18, 1991",White Fang,14000000,34729091,34729091,69458182,55458182
7,"Jan 13, 2006",Glory Road,30000000,42647449,42799060,85446509,55446509
88,"Dec 21, 1988",Dangerous Liaisons,14000000,34700000,34700000,69400000,55400000
77,"Oct 3, 2008",Nick and Norah's Infinite Playlist,10000000,31487293,33886017,65373310,55373310
92,"Jan 16, 2015",Still Alice,5000000,18656400,41699612,60356012,55356012
45,"Aug 14, 1998",How Stella Got Her Groove Back,20000000,37672944,37672944,75345888,55345888
77,"Nov 17, 2000",Bounce,35000000,36805288,53425292,90230580,55230580
76,"Apr 16, 2004",The Punisher,33000000,33664370,54533774,88198144,55198144
3,"Oct 16, 1998",Practical Magic,60000000,46850558,68336997,115187555,55187555
1,"Sep 21, 2007",Into the Wild,20000000,18354356,56822960,75177316,55177316
71,"Mar 31, 2000",High Fidelity,20000000,27277055,47881663,75158718,55158718
46,"Jul 19, 1991",Bill & Ted's Bogus Journey,20000000,37537675,37537675,75075350,55075350
37,"Mar 31, 2000",The Skulls,15000000,35007180,35007180,70014360,55014360
70,"Mar 1, 2013",21 and Over,13000000,25682380,42195766,67878146,54878146
91,"Feb 12, 2010",The Wolfman,150000000,62189884,142634358,204824242,54824242
91,"Jun 16, 2017",All Eyez on Me,45000000,44922302,54876855,99799157,54799157
22,"Sep 28, 2007",Se jie,15000000,4604982,65167430,69772412,54772412
4,"Apr 7, 2017",Gifted,7000000,24801212,36964656,61765868,54765868
67,"Nov 5, 2010",For Colored Girls,21000000,37729698,38017873,75747571,54747571
30,"Apr 5, 2002",National Lampoonâs Van Wilder,6000000,21305259,39241323,60546582,54546582
59,"Oct 10, 1997",Boogie Nights,15000000,26410771,43111725,69522496,54522496
22,"Aug 12, 2016",Florence Foster Jenkins,29000000,27383770,56000339,83384109,54384109
17,"Apr 21, 2006",The Sentinel,60000000,36280697,78080697,114361394,54361394
89,"Jun 1, 2018",Adrift,35000000,31445011,57897191,89342202,54342202
56,"Mar 7, 2003",Tears of the Sun,75000000,43632458,85632458,129264916,54264916
48,"Sep 26, 1997",The Peacemaker,50000000,41263140,62967368,104230508,54230508
76,"Mar 6, 1992",The Lawnmower Man,10000000,32100816,32100816,64201632,54201632
97,"Aug 2, 1996",Emma,5900000,22231658,37831658,60063316,54163316
9,"Jul 25, 2008",The X-Files: I Want to Believe,35000000,20982478,68170792,89153270,54153270
38,"Oct 10, 1966",Hawaii,15000000,34562222,34562222,69124444,54124444
80,"Sep 17, 2010",Alpha and Omega 3D,20000000,25107267,48958353,74065620,54065620
14,"May 31, 2002",Undercover Brother,25000000,38230435,40796145,79026580,54026580
6,"Nov 20, 1996",Sling Blade,4833610,24475416,34175000,58650416,53816806
40,"Apr 18, 2003",Malibu's Most Wanted,15000000,34308901,34499204,68808105,53808105
3,"Feb 11, 2005",Pooh's Heffalump Movie,20000000,18098433,55686944,73785377,53785377
1,"Jun 24, 1987",Spaceballs,22700000,38119483,38119483,76238966,53538966
76,"Aug 23, 2013",The World's End,20000000,26004851,47508505,73513356,53513356
5,"Oct 26, 2012",Silent Hill: Revelation 3D,20000000,17530219,55975672,73505891,53505891
87,"Dec 25, 1998",A Civil Action,60000000,56709981,56709981,113419962,53419962
67,"Mar 29, 2013",The Place Beyond the Pines,15000000,21403519,47011449,68414968,53414968
20,"Apr 14, 2000",Keeping the Faith,29000000,37036404,45336404,82372808,53372808
47,"Nov 23, 2016",Allied,106000000,40098064,119266661,159364725,53364725
46,"Jul 21, 2006",My Super Ex-Girlfriend,30000000,22530295,60772856,83303151,53303151
29,"May 13, 2011",Priest,60000000,29136626,84154026,113290652,53290652
20,"Sep 18, 2009",The Informant!,22000000,33316821,41771168,75087989,53087989
87,"Jul 9, 2010",The Kids Are All Right,4000000,20811365,36275469,57086834,53086834
66,"Oct 18, 1974",The Texas Chainsaw Massacre,140000,26572439,26572439,53144878,53004878
48,"Jul 12, 2002",Halloween: Resurrection,15000000,30259652,37659652,67919304,52919304
69,"Dec 12, 1966",A Man for All Seasons,3900000,28350000,28350000,56700000,52800000
89,"Sep 6, 2002",Swimfan,10000000,28564995,34084228,62649223,52649223
27,"Jun 27, 2014",Snowpiercer,40000000,4563029,88069880,92632909,52632909
26,"Aug 13, 2001",K-PAX,48000000,50315140,50315140,100630280,52630280
28,"Mar 2, 2018",Death Wish,30000000,34017028,48575965,82592993,52592993
77,"Aug 12, 2016",Hell or High Water,12000000,27007844,37584304,64592148,52592148
82,"Apr 28, 1967",Casino Royale,12000000,22744718,41744718,64489436,52489436
82,"Jun 12, 1981",History of the World: Part I,11000000,31672000,31672000,63344000,52344000
68,"May 24, 2002",Enough,38000000,39177215,50970660,90147875,52147875
51,"Apr 8, 2005",Fever Pitch,40000000,42071069,50071069,92142138,52142138
36,"Dec 25, 2017",Mollyâs Game,30000000,28780744,53296424,82077168,52077168
79,"Jun 22, 2007",Sicko,9000000,24538513,36535837,61074350,52074350
67,"Dec 18, 2009",Did You Hear About the Morgans?,58000000,29580087,80480566,110060653,52060653
92,"May 26, 1993",Menace II Society,3500000,27731527,27731527,55463054,51963054
77,"Jun 26, 2009",The Hurt Locker,15000000,17017811,49894223,66912034,51912034
93,"Apr 26, 1995",Friday,3500000,27467564,27936778,55404342,51904342
45,"Nov 21, 1997",The Rainmaker,40000000,45916769,45916769,91833538,51833538
28,"Aug 16, 1995",The Usual Suspects,6000000,23341568,34449356,57790924,51790924
59,"Feb 23, 1951",Quo Vadis?,8250000,30000000,30028513,60028513,51778513
50,"Dec 21, 1979",The Black Hole,20000000,35841901,35841901,71683802,51683802
87,"Dec 25, 2004",Fat Albert,45000000,48114556,48563556,96678112,51678112
97,"Feb 21, 2014",Pompeii,80000000,23169033,108469033,131638066,51638066
37,"Nov 30, 2018",The Possession of Hannah Grace,6000000,14836174,42785387,57621561,51621561
73,"Jan 4, 2008",One Missed Call,20000000,26890041,44513466,71403507,51403507
71,"Dec 23, 1954","20,000 Leagues Under the Sea",5000000,28200000,28200000,56400000,51400000
53,"Nov 4, 2011",A Very Harold & Kumar 3D Christmas,20000000,35061031,36265745,71326776,51326776
82,"Jul 31, 2009",Funny People,72500000,51855045,71880305,123735350,51235350
45,"Feb 18, 2005",Because of Winn-Dixie,15000000,32647042,33508485,66155527,51155527
62,"Mar 25, 2011",Sucker Punch,75000000,36392502,89758389,126150891,51150891
33,"Oct 16, 2015",Crimson Peak,55000000,31090320,74966854,106057174,51057174
87,"Feb 16, 2001",Sweet November,40000000,25288103,65754228,91042331,51042331
86,"Feb 14, 2019",Fighting With My Family,11000000,22958583,39049922,62008505,51008505
2,"Apr 7, 2006",Lucky Number Slevin,27000000,22495466,55495466,77990932,50990932
52,"Mar 21, 1997",Selena,20000000,35450113,35450113,70900226,50900226
73,"Nov 10, 2010",Morning Glory,40000000,31011732,59795070,90806802,50806802
72,"Apr 10, 2015",Ex Machina,13000000,25440971,38358392,63799363,50799363
80,"Jan 10, 2014",Her,23000000,25568251,48163815,73732066,50732066
58,"Jul 16, 1993",Hocus Pocus,28000000,39360491,39360491,78720982,50720982
17,"May 16, 2014",Million Dollar Arm,25000000,36447959,39217912,75665871,50665871
9,"Dec 13, 2002",Star Trek: Nemesis,60000000,43254409,67312826,110567235,50567235
98,"Nov 13, 2015",Love the Coopers,18000000,26302731,42227490,68530221,50530221
85,"Sep 9, 2016",When the Bough Breaks,10000000,29747603,30768449,60516052,50516052
72,"Apr 7, 2004",Johnson Family Vacation,12000000,31203964,31286759,62490723,50490723
91,"Feb 6, 2015",Jupiter Ascending,179000000,47482519,181982519,229465038,50465038
73,"Dec 21, 2001",How High,12000000,31155435,31222395,62377830,50377830
54,"Nov 25, 2009",Ninja Assassin,50000000,38122883,62209892,100332775,50332775
33,"Sep 9, 2009",9,30000000,31749894,48559999,80309893,50309893
36,"Feb 14, 1997",Absolute Power,50000000,50068310,50068310,100136620,50136620
83,"May 19, 1989",Road House,10000000,30050028,30050028,60100056,50100056
60,"Aug 12, 2011",30 Minutes or Less,28000000,37053924,40966716,78020640,50020640
65,"Sep 12, 2003",Cabin Fever,1500000,21158188,30351664,51509852,50009852
95,"Aug 7, 2015",Ricki and the Flash,18000000,26839498,41166033,68005531,50005531
16,"Nov 16, 1976",Carrie,1800000,25878153,25878153,51756306,49956306
37,"Nov 7, 1979",The Rose,8500000,29200000,29200000,58400000,49900000
46,"Feb 7, 1992",Medicine Man,40000000,44948240,44948240,89896480,49896480
80,"Dec 25, 2015",Concussion,35000000,34531832,50363790,84895622,49895622
18,"Sep 15, 2006",Gridiron Gang,30000000,38432823,41457834,79890657,49890657
29,"Nov 27, 2013",Homefront,22000000,20158492,51695362,71853854,49853854
53,"Oct 4, 2013",Runner Runner,30000000,19316646,60512680,79829326,49829326
39,"Mar 29, 2002",Clockstoppers,26000000,36985501,38788828,75774329,49774329
1,"Sep 16, 2016",Blair Witch,10000000,20777061,38985577,59762638,49762638
18,"Jan 1, 2004",Beauty Shop,25000000,36351350,38351350,74702700,49702700
27,"Aug 13, 1982",Fast Times at Ridgemont High,4500000,27092880,27092880,54185760,49685760
56,"Jan 25, 2002",The Mothman Prophecies,42000000,35228696,56438555,91667251,49667251
56,"Jun 24, 2005",George A. Romero's Land of the Dead,18975000,20700082,47751015,68451097,49476097
58,"Dec 25, 2011",The Darkest Hour,34800000,21443494,62831715,84275209,49475209
74,"Aug 1, 1997",Air Bud,3000000,24646936,27788649,52435585,49435585
23,"Mar 23, 2001",The Brothers,6000000,27457409,27958191,55415600,49415600
88,"Mar 5, 2010",Brooklyn's Finest,17000000,27163593,39233233,66396826,49396826
79,"Mar 9, 2018",The Strangers: Prey at Night,5000000,24431472,29960051,54391523,49391523
4,"Sep 8, 2006",Tom yum goong,5700000,12044087,43044087,55088174,49388174
17,"Jul 12, 2002",The Crocodile Hunter: Collision Course,12500000,28436931,33436931,61873862,49373862
57,"Sep 8, 2017",Home Again,15000000,27020284,37336874,64357158,49357158
17,"Nov 9, 1984",A Nightmare on Elm Street,1800000,25504513,25504513,51009026,49209026
66,"Oct 20, 2000",Pay it Forward,40000000,33508922,55696705,89205627,49205627
25,"Jan 14, 2011",The Dilemma,70000000,48475290,70546865,119022155,49022155
86,"Jun 24, 1983",Twilight Zone: The Movie,10000000,29500000,29500000,59000000,49000000
87,"Jun 16, 2017",Rough Night,20000000,22105643,46844357,68950000,48950000
73,"Dec 1, 2006",The Nativity Story,35000000,37629831,46309644,83939475,48939475
87,"Mar 4, 2011",Beastly,17000000,27865571,38028230,65893801,48893801
6,"Nov 22, 2000",102 Dalmatians,85000000,66941559,66941559,133883118,48883118
30,"Jun 3, 2015",Entourage,30000000,32363404,46438538,78801942,48801942
43,"Oct 10, 2014",Whiplash,3300000,13092006,38969037,52061043,48761043
80,"May 11, 2010",Haeundae,16000000,0,64733391,64733391,48733391
75,"Mar 6, 1998",The Big Lebowski,15000000,17498804,46189568,63688372,48688372
16,"Jul 6, 2001",Kiss of the Dragon,25000000,36833473,36833473,73666946,48666946
12,"Aug 19, 2005",Valiant,35000000,19478106,64188387,83666493,48666493
87,"Nov 23, 1994",A Low Down Dirty Shame,10000000,29317886,29317886,58635772,48635772
50,"Nov 18, 1994",LÃ©on,16000000,19284974,45284974,64569948,48569948
35,"Nov 17, 2000",The 6th Day,82000000,34543701,96024898,130568599,48568599
17,"Oct 30, 1981",Halloween II,2500000,25533818,25533818,51067636,48567636
93,"Oct 14, 2005",The Fog,18000000,29511112,37048526,66559638,48559638
95,"Sep 10, 2004",Cellular,45000000,32003620,61475984,93479604,48479604
6,"Jan 12, 2007",Arthur et les Minimoys,80000000,15132763,113325743,128458506,48458506
70,"Oct 11, 2002",The Transporter,21000000,25296447,43928932,69225379,48225379
95,"Nov 21, 1990",Predator 2,35000000,28317513,54768418,83085931,48085931
68,"Nov 9, 1990",Child's Play 2,13000000,26904572,34166572,61071144,48071144
63,"Feb 18, 2000",Hanging Up,40000000,36037909,51867723,87905632,47905632
2,"Aug 29, 2008",Babylon A.D.,45000000,22532572,70216497,92749069,47749069
65,"Aug 20, 1999",Mickey Blue Eyes,40000000,33864342,53864342,87728684,47728684
76,"Oct 11, 2002",Brown Sugar,8000000,27362712,28315272,55677984,47677984
23,"Feb 13, 1998",The Borrowers,29000000,22619589,54045832,76665421,47665421
41,"Dec 4, 2009",Brothers,26000000,28544157,45043870,73588027,47588027
69,"May 1, 1981",Graduation Day,250000,23894000,23894000,47788000,47538000
17,"Dec 19, 1986",Little Shop of Horrors,30000000,38747385,38747385,77494770,47494770
29,"Feb 17, 2017",Fist Fight,25000000,32187017,40286416,72473433,47473433
52,"Feb 20, 2004",Confessions of a Teenage Drama Queen,15000000,29331068,33118854,62449922,47449922
25,"Dec 10, 2014",The Gambler,25000000,33680992,38718031,72399023,47399023
88,"Apr 5, 2007",The Reaping,40000000,25126214,62226214,87352428,47352428
89,"Oct 8, 1999",Superstar,14000000,30628981,30628981,61257962,47257962
33,"Jul 2, 2003",Sinbad: Legend of the Seven Seas,60000000,26483452,80767884,107251336,47251336
89,"May 21, 1982",Mad Max 2: The Road Warrior,2000000,24600832,24600832,49201664,47201664
82,"Mar 29, 1959",Some Like it Hot,2883848,25000000,25019542,50019542,47135694
26,"Aug 21, 2013",The Mortal Instruments: City of Bones,60000000,31165421,75965567,107130988,47130988
70,"Dec 25, 2011",Extremely Loud and Incredibly Close,40000000,31847881,55247881,87095762,47095762
75,"Oct 3, 1980",The Elephant Man,5000000,26010864,26010864,52021728,47021728
19,"Apr 4, 2003",What a Girl Wants,25000000,35990505,35990505,71981010,46981010
84,"Oct 2, 1998",What Dreams May Come,80000000,55485043,71485043,126970086,46970086
98,"Apr 10, 1953",House of Wax,658000,23800000,23800000,47600000,46942000
90,"Aug 15, 1946",Notorious,2000000,24464742,24464742,48929484,46929484
39,"Jul 15, 2011",Winnie the Pooh,30000000,26692846,50145607,76838453,46838453
91,"Aug 2, 1967",In the Heat of the Night,2000000,24379978,24407647,48787625,46787625
47,"Sep 25, 1987",The Princess Bride,15000000,30857000,30859628,61716628,46716628
99,"Jul 28, 2006",Scoop,4000000,10525717,40103262,50628979,46628979
21,"Dec 31, 2010",Sammy's avonturen: De geheime doorgang,25000000,0,71594792,71594792,46594792
51,"Nov 24, 2004",Alexander,155000000,34297191,167297191,201594382,46594382
28,"Dec 19, 2000",The Gift,10000000,12008642,44567606,56576248,46576248
49,"Oct 3, 2003",Out of Time,50000000,41083108,55489826,96572934,46572934
80,"Jul 21, 2006",Clerks II,5000000,24148068,27342246,51490314,46490314
27,"Jul 27, 2012",The Watch,55000000,34353000,67130045,101483045,46483045
62,"Nov 2, 2001",Domestic Disturbance,53000000,45207112,54207112,99414224,46414224
54,"May 31, 2013",Yeh Jawaani Hai Deewani,8300000,3827466,50827466,54654932,46354932
47,"Jan 15, 2016",The Lady in the Van,6000000,10021175,42320503,52341678,46341678
39,"Aug 22, 1997",G.I. Jane,50000000,48169156,48169156,96338312,46338312
94,"Jan 25, 2008",Untraceable,35000000,28687835,52649951,81337786,46337786
21,"Nov 13, 1987",The Running Man,30000000,38122000,38122000,76244000,46244000
77,"Jan 13, 2017",The Bye Bye Man,7400000,22395806,31187727,53583533,46183533
100,"Mar 29, 1974",The Great Gatsby,7000000,26533200,26533200,53066400,46066400
79,"Jul 5, 2012",Katy Perry: Part of Me,12000000,25326071,32700439,58026510,46026510
25,"Jun 30, 1989",Do the Right Thing,6000000,26004026,26004026,52008052,46008052
24,"Dec 25, 2004",Darkness,10600000,22163442,34409206,56572648,45972648
56,"May 20, 2016",The Nice Guys,50000000,36261763,59596747,95858510,45858510
81,"Aug 11, 2017",The Nut Job 2: Nutty by Nature,40000000,28370522,57438389,85808911,45808911
78,"Aug 26, 2011",Our Idiot Brother,5000000,24814830,25861249,50676079,45676079
26,"Aug 12, 2005",Deuce Bigalow: European Gigolo,22000000,22400154,45273464,67673618,45673618
49,"Dec 25, 2007",The Great Debaters,15000000,30226144,30261293,60487437,45487437
3,"Apr 8, 2005",Sahara,145000000,68671925,121671925,190343850,45343850
38,"Nov 2, 2018",Nobodyâs Fool,19000000,31713110,32589493,64302603,45302603
50,"Aug 22, 2014",When the Game Stands Tall,15000000,30127963,30138912,60266875,45266875
79,"May 8, 2015",Hot Pursuit,35000000,34580201,45671512,80251713,45251713
43,"Feb 25, 2011",Des Hommes et Des Dieux,5000000,3954651,46263525,50218176,45218176
78,"Nov 21, 1946",The Best Years of Our Lives,2100000,23600000,23600000,47200000,45100000
66,"Sep 22, 2000",Urban Legends: Final Cut,15000000,21468807,38574362,60043169,45043169
14,"Jan 17, 2014",Devil's Due,7000000,15821461,36146087,51967548,44967548
64,"May 10, 2002",The New Guy,13000000,28972187,28972187,57944374,44944374
97,"Jun 11, 2004",The Chronicles of Riddick,120000000,57712751,107212751,164925502,44925502
61,"Aug 27, 2014",The November Man,15000000,25018119,34820335,59838454,44838454
43,"Aug 11, 2000",The Replacements,50000000,44737059,50054511,94791570,44791570
69,"Dec 21, 2016",Patriots Day,40000000,31886361,52837989,84724350,44724350
69,"Aug 4, 2017",Kidnap,21000000,30718107,34836080,65554187,44554187
58,"Nov 22, 1995",Money Train,68000000,35324232,77224232,112548464,44548464
39,"Apr 12, 2002",The Sweetest Thing,43000000,24430272,63078756,87509028,44509028
26,"Jul 10, 1981",Escape from New York,6000000,25244700,25245925,50490625,44490625
24,"Aug 5, 2005",Broken Flowers,10000000,13744960,40744960,54489920,44489920
77,"Mar 13, 1992",Howards End,8000000,26124872,26317943,52442815,44442815
1,"Mar 20, 1981",The Postman Always Rings Twice,12000000,12200000,44200000,56400000,44400000
17,"Aug 23, 2013",You're Next,1000000,18494006,26887177,45381183,44381183
48,"Oct 31, 2008",Zack and Miri Make a Porno,24000000,31457946,36856306,68314252,44314252
60,"Apr 23, 2009",Home,500000,15433,44793168,44808601,44308601
32,"Dec 9, 2011",The Sitter,25000000,30542576,38749404,69291980,44291980
63,"Oct 2, 1992",Hero,42000000,19487173,66787173,86274346,44274346
63,"Oct 20, 2006",Flags of Our Fathers,53000000,33602376,63657941,97260317,44260317
55,"Apr 11, 1997",Grosse Pointe Blank,15000000,28084357,31070412,59154769,44154769
27,"Jul 16, 1999",The Wood,6000000,25059640,25059640,50119280,44119280
60,"Oct 27, 1995",Copycat,20000000,32051917,32051917,64103834,44103834
94,"Dec 25, 2005",Wolf Creek,1100000,16186348,29005064,45191412,44091412
2,"Aug 25, 1995",Desperado,7000000,25532388,25532388,51064776,44064776
22,"Dec 11, 2009",The Lovely Bones,95000000,44114232,94894448,139008680,44008680
62,"Jun 25, 1982",Blade Runner,28000000,32656328,39342912,71999240,43999240
7,"Aug 22, 2008",Death Race,65000000,36316032,72516819,108832851,43832851
44,"Jul 29, 1998",The Negotiator,50000000,44705766,49105766,93811532,43811532
60,"Nov 20, 2015",Carol,11800000,12711491,42843521,55555012,43755012
93,"Dec 25, 2003",Peter Pan,100000000,48417850,95255485,143673335,43673335
86,"Oct 2, 1998",A Night at the Roxbury,17000000,30331165,30331165,60662330,43662330
58,"Jun 8, 2007",Hostel: Part II,7500000,17544812,33606409,51151221,43651221
71,"Jan 1, 1976",Network,3800000,23689877,23689877,47379754,43579754
70,"Feb 6, 2009",Push,38000000,31811527,49678401,81489928,43489928
13,"Sep 26, 2003",The Rundown,85000000,47641743,80831893,128473636,43473636
70,"Mar 13, 2015",Run All Night,50000000,26461644,66961644,93423288,43423288
8,"Apr 16, 2010",El secreto de sus ojos,3500000,6391436,40527719,46919155,43419155
65,"Dec 31, 2007",Taxi 4,17500000,0,60865364,60865364,43365364
64,"Oct 15, 1969",Paint Your Wagon,20000000,31678778,31678778,63357556,43357556
83,"Jul 5, 2013",The Way Way Back,5000000,21502690,26853810,48356500,43356500
53,"Apr 17, 1998",The Object of my Affection,15000000,29145924,29145924,58291848,43291848
69,"Mar 23, 2007",The Hills Have Eyes II,15000000,20804166,37466538,58270704,43270704
84,"Jan 30, 2015",Project Almanac,12000000,22348241,32909437,55257678,43257678
77,"Sep 8, 2000",The Watcher,33000000,28946615,47267829,76214444,43214444
22,"Nov 9, 2007",Lions for Lambs,35000000,14998070,63211088,78209158,43209158
71,"Mar 14, 2008",Never Back Down,21000000,24850922,39319801,64170723,43170723
4,"Apr 28, 2017",The Circle,18000000,20497844,40651864,61149708,43149708
98,"Apr 26, 2013",Mud,10000000,21590086,31556959,53147045,43147045
68,"Jan 15, 2010",The Spy Next Door,28000000,24307106,46752858,71059964,43059964
21,"Aug 18, 2017",Logan Lucky,29000000,27778642,44264271,72042913,43042913
79,"Mar 30, 2001",Someone Like You,23000000,27338033,38684906,66022939,43022939
3,"Jan 1, 1976",Logan's Run,7000000,25000000,25000000,50000000,43000000
86,"Jul 22, 2005",Hustle & Flow,2800000,22202809,23591783,45794592,42994592
65,"Feb 5, 1993",Loaded Weapon 1,13000000,27979399,27979399,55958798,42958798
2,"Dec 12, 2003",Girl with a Pearl Earring,12000000,11634362,43274797,54909159,42909159
84,"Jul 1, 2011",Monte Carlo,20000000,23186769,39686769,62873538,42873538
76,"Dec 11, 1992",The Muppet Christmas Carol,12000000,27281507,27492918,54774425,42774425
81,"Dec 25, 2018",On the Basis of Sex,20000000,24622687,38073377,62696064,42696064
61,"Sep 16, 2005",Lord of War,42000000,24149632,60437727,84587359,42587359
83,"Apr 10, 1992",The Player,8000000,21706101,28876702,50582803,42582803
68,"Mar 21, 2008",Drillbit Taylor,40000000,32862104,49686263,82548367,42548367
61,"Dec 22, 2004",Hotel Rwanda,17500000,23519128,36521223,60040351,42540351
45,"Dec 16, 1969","Hello, Dolly",24000000,33208099,33208099,66416198,42416198
30,"Dec 12, 2003",Stuck On You,55000000,33832741,63537164,97369905,42369905
5,"Mar 15, 2002",Y Tu MamÃ¡ TambiÃ©n,5000000,13649881,33649881,47299762,42299762
61,"Jan 20, 2012",Red Tails,58000000,49876377,50365498,100241875,42241875
73,"Oct 29, 1999",Being John Malkovich,13000000,22858926,32382381,55241307,42241307
48,"Apr 30, 1981",Friday the 13th Part 2,1250000,21722776,21722776,43445552,42195552
42,"Aug 9, 1991",Double Impact,16000000,29090445,29090445,58180890,42180890
44,"Apr 11, 2001",Joe Dirt,16000000,27087695,30987695,58075390,42075390
77,"Oct 1, 1968",Night of the Living Dead,114000,12087064,30087064,42174128,42060128
11,"Sep 29, 2017",Flatliners,20000000,16883115,45173738,62056853,42056853
85,"Dec 25, 2009",The Imaginarium of Doctor Parnassus,30000000,7689607,64352607,72042214,42042214
68,"Dec 31, 2006",Les BronzÃ©s 3: amis pour la vie,42000000,0,83833602,83833602,41833602
42,"Oct 17, 2014",The Best of Me,26000000,26766213,41059418,67825631,41825631
23,"Aug 24, 2001",Jay and Silent Bob Strike Back,22000000,30059386,33762400,63821786,41821786
93,"Feb 1, 1980",The Fog,1100000,21445318,21445820,42891138,41791138
78,"Oct 5, 2018",The Hate U Give,23000000,29719483,35067665,64787148,41787148
90,"Apr 2, 1993",The Adventures of Huck Finn,6500000,24103594,24103594,48207188,41707188
72,"Mar 22, 1985",Friday the 13th Part V: A New Beginning,2200000,21930418,21930418,43860836,41660836
64,"Feb 21, 2014",3 Days to Kill,28000000,30697999,38959900,69657899,41657899
97,"Feb 22, 2013",Dark Skies,3500000,17418667,27704111,45122778,41622778
28,"Sep 15, 2017",American Assassin,63000000,36249674,68310140,104559814,41559814
87,"Dec 2, 2016",Jackie,9000000,13960394,36588512,50548906,41548906
23,"Aug 3, 2007",Becoming Jane,16500000,18663911,39380876,58044787,41544787
11,"Aug 16, 2013",Jobs,18000000,16131410,43402515,59533925,41533925
83,"Sep 8, 2006",The Covenant,20000000,23364784,38164784,61529568,41529568
43,"Jun 27, 2001",Baby Boy,16000000,28734552,28734552,57469104,41469104
13,"Sep 3, 1993",Fortress,12000000,6730578,46730578,53461156,41461156
94,"Mar 25, 1983",The Outsiders,10000000,25697647,25697647,51395294,41395294
59,"Mar 21, 2003",Dreamcatcher,68000000,33685268,75685268,109370536,41370536
92,"Apr 14, 2000",American Psycho,8000000,15070285,34270285,49340570,41340570
46,"Apr 7, 2000",Return to Me,24000000,32662299,32662299,65324598,41324598
66,"Mar 12, 1999",Baby Geniuses,13000000,27151490,27151490,54302980,41302980
67,"Apr 24, 1998",The Big Hit,13000000,27066941,27066941,54133882,41133882
75,"Mar 11, 2016",Eye in the Sky,13000000,18704596,35402802,54107398,41107398
68,"Mar 29, 2013",The Host,50000000,26623701,64477051,91100752,41100752
2,"Sep 18, 2009",Love Happens,18000000,22965110,36133014,59098124,41098124
81,"Apr 8, 1998",The Players Club,5000000,23047939,23047939,46095878,41095878
80,"Dec 25, 1981",Modern Problems,8000000,24474312,24474312,48948624,40948624
7,"Jun 19, 2009",Year One,60000000,43337279,57604723,100942002,40942002
91,"Jul 23, 1993",Poetic Justice,14000000,27450453,27450453,54900906,40900906
23,"Mar 28, 2003",Head of State,35200000,37788228,38283765,76071993,40871993
67,"Apr 8, 2011",Arthur,40000000,33035397,47787943,80823340,40823340
71,"Sep 13, 1996",Maximum Risk,25000000,14102929,51702929,65805858,40805858
31,"Jun 1, 2001",What's the Worst That Could Happen?,30000000,32267774,38462071,70729845,40729845
95,"Jun 12, 1998",Can't Hardly Wait,10000000,25358996,25358996,50717992,40717992
25,"Nov 7, 2008",The Boy in the Striped Pyjamas,12500000,9046156,44083403,53129559,40629559
2,"Jan 15, 1993",Alive,32000000,36299670,36299670,72599340,40599340
88,"Dec 25, 2006",Notes on a Scandal,27500000,17510118,50578411,68088529,40588529
54,"Nov 15, 1996",The Mirror Has Two Faces,42000000,41267469,41267469,82534938,40534938
36,"Nov 19, 2004",La mala educaciÃ³n,5000000,5211842,40311842,45523684,40523684
5,"Oct 21, 2005",Dreamer: Inspired by a True Story,32000000,33022286,39498360,72520646,40520646
40,"Jul 10, 1985",Silverado,26000000,33200000,33200000,66400000,40400000
59,"Feb 15, 2002",Super Troopers,1200000,18492362,23046142,41538504,40338504
3,"Mar 15, 2013",Spring Breakers,5000000,14124286,31149251,45273537,40273537
81,"Jun 15, 1960",The Apartment,3000000,18600000,24600000,43200000,40200000
56,"Apr 21, 2000",Love and Basketball,15000000,27441122,27709625,55150747,40150747
69,"Jul 10, 1996",Harriet the Spy,13000000,26570048,26570048,53140096,40140096
57,"Jul 21, 2006",Lady in the Water,75000000,42285169,72785169,115070338,40070338
24,"May 27, 2011",The Tree of Life,35000000,13305665,61721826,75027491,40027491
37,"Dec 31, 2005",Welcome to Dongmakgol,8000000,0,48000000,48000000,40000000
6,"Jul 24, 1998",Jane Austen's Mafia,10000000,19843795,30143795,49987590,39987590
40,"Apr 20, 2001",Crocodile Dundee in Los Angeles,25000000,25590119,39393111,64983230,39983230
100,"Dec 1, 2017",The Disaster Artist,10000000,21120616,28717667,49838283,39838283
66,"May 2, 2007",Waitress,1500000,19097550,22217183,41314733,39814733
99,"Jul 31, 2009",Aliens in the Attic,45000000,25200412,59551283,84751695,39751695
60,"Feb 22, 2002",Monsoon Wedding,1200000,13876974,27025600,40902574,39702574
6,"Apr 11, 2001",Kingdom Come,7000000,23247539,23393939,46641478,39641478
40,"Jan 8, 2010",Leap Year,19000000,25918920,32618920,58537840,39537840
86,"Dec 15, 1960",Exodus,4000000,21750000,21750000,43500000,39500000
76,"Nov 1, 1985",A Nightmare on Elm Street Part 2: Freddy's Revenge,3000000,21163999,21163999,42327998,39327998
85,"Apr 1, 2016",Godâs Not Dead 2,5000000,20773069,23551286,44324355,39324355
80,"Dec 12, 2014",Top Five,12000000,25317379,26001741,51319120,39319120
94,"Sep 2, 2011",Apollo 18,5000000,17686929,26517819,44204748,39204748
23,"Jun 18, 1999",An Ideal Husband,10700000,18542974,31341183,49884157,39184157
82,"Nov 30, 2012",Killing Them Softly,15000000,14945541,39238443,54183984,39183984
91,"Sep 18, 1981",Mommie Dearest,5000000,19032000,25032000,44064000,39064000
96,"Aug 17, 2012",Sparkle,10000000,24397469,24660323,49057792,39057792
74,"Mar 10, 2000",The Ninth Gate,38000000,18653746,58394308,77048054,39048054
77,"Mar 7, 1986",A Room with a View,3000000,20966644,20966644,41933288,38933288
6,"Sep 24, 2004",Shaun of the Dead,5000000,13542874,30332385,43875259,38875259
22,"Nov 23, 2011",My Week with Marilyn,10000000,14597405,34240572,48837977,38837977
88,"Dec 4, 1998",Psycho,20000000,21541218,37226218,58767436,38767436
91,"Apr 9, 1999",Go!,6500000,16875273,28383441,45258714,38758714
48,"Apr 22, 2005",A Lot Like Love,25000000,21835784,41921590,63757374,38757374
29,"Nov 30, 2007",Awake,8600000,14373825,32968648,47342473,38742473
60,"Mar 9, 2001",15 Minutes,42000000,24375436,56331864,80707300,38707300
90,"Jan 30, 2009",New in Town,8000000,16734283,29937909,46672192,38672192
60,"Jul 23, 2010",Ramona and Beezus,15000000,26167002,27469621,53636623,38636623
78,"Sep 24, 2010",You Again,20000000,25702053,32838945,58540998,38540998
62,"Apr 19, 2002",Murder by Numbers,50000000,31874869,56643267,88518136,38518136
23,"Aug 9, 1989",The Abyss,70000000,54243125,54243125,108486250,38486250
22,"Dec 21, 2006",Man cheng jin dai huang jin jia,45000000,6566773,76904429,83471202,38471202
41,"Mar 20, 1998",Mr. Nice Guy,6000000,12716953,31716953,44433906,38433906
59,"Dec 19, 2012",The Guilt Trip,40000000,37134215,41294674,78428889,38428889
29,"Aug 11, 1989",A Nightmare On Elm Street: The Dream Child,6000000,22168359,22168359,44336718,38336718
76,"Jul 25, 2014",A Most Wanted Man,15000000,17237855,36068890,53306745,38306745
13,"Jul 25, 1969",The Stewardesses,200000,13500000,25000000,38500000,38300000
70,"Oct 16, 2009",The Stepfather,20000000,29062561,29227561,58290122,38290122
60,"Dec 7, 2018",Mary Queen of Scots,25000000,16468499,46734733,63203232,38203232
43,"Aug 26, 2011",Don't Be Afraid of the Dark,25000000,24046682,39126427,63173109,38173109
46,"Aug 24, 2007",War,25000000,22486409,40686409,63172818,38172818
82,"Feb 14, 2014",Endless Love,20000000,23438250,34718173,58156423,38156423
85,"Oct 12, 2001",Corky Romano,11000000,23978402,25116103,49094505,38094505
95,"Mar 23, 2018","Paul, Apostle of Christ",5000000,17547999,25529498,43077497,38077497
59,"Oct 12, 2001",Bandits,75000000,41523271,71523271,113046542,38046542
61,"Dec 22, 2000",Dracula 2000,28000000,33000377,33000377,66000754,38000754
49,"Nov 18, 1983",A Christmas Story,3250000,20605209,20605209,41210418,37960418
31,"Apr 29, 2005",XXX: State of the Union,60000000,26873932,71073932,97947864,37947864
80,"Oct 16, 2015",Room,13000000,14677674,36262783,50940457,37940457
52,"Feb 12, 2010",My Name is Khan,8470000,4046336,42355526,46401862,37931862
90,"Feb 19, 2016",Race,5000000,19115191,23745772,42860963,37860963
86,"Feb 26, 2016",Eddie the Eagle,23000000,15789389,45060480,60849869,37849869
77,"Sep 21, 2012",The Perks of Being a Wallflower,13000000,17742948,33069303,50812251,37812251
13,"May 24, 2019",BrightBurn,7000000,16794432,27989498,44783930,37783930
87,"Apr 26, 2013",The Big Wedding,32500000,21819348,48425971,70245319,37745319
74,"Nov 9, 2005",Get Rich or Die Tryin',40000000,30981850,46666955,77648805,37648805
74,"Nov 5, 1999",The Bachelor,21000000,21731001,36882378,58613379,37613379
80,"Apr 10, 2009",Dragonball Evolution,30000000,9362785,58228460,67591245,37591245
80,"Apr 2, 2004",Walking Tall,56000000,46213824,47313824,93527648,37527648
15,"Aug 5, 2016",Operation Chromite,12700000,1022720,49196532,50219252,37519252
71,"Jun 15, 2012",That's My Boy,57500000,36931089,58085235,95016324,37516324
9,"Sep 20, 2002",8 femmes,8000000,3076425,42376425,45452850,37452850
88,"Sep 9, 2016",Robinson Crusoe,13000000,8005586,42446455,50452041,37452041
55,"May 28, 2004",Raising Helen,50000000,37485528,49928680,87414208,37414208
93,"Mar 8, 2002",All About the Benjamins,14000000,25482931,25873145,51356076,37356076
72,"Apr 28, 2006",Stick It,20000000,26910736,30399714,57310450,37310450
63,"Mar 11, 2005",Hostage,75000000,34636443,77636443,112272886,37272886
78,"Jun 10, 1975",Love and Death,3000000,20123742,20123742,40247484,37247484
31,"Sep 22, 2000",Dancer in the Dark,12500000,4157491,45557491,49714982,37214982
97,"Oct 14, 2016",Kevin Hart: What Now?,10000000,23591043,23591043,47182086,37182086
92,"Oct 4, 2002",Jonah: A VeggieTales Movie,14000000,25571351,25608779,51180130,37180130
82,"May 7, 1993",Much Ado About Nothing,8000000,22549338,22549338,45098676,37098676
4,"Jun 9, 2006",A Prairie Home Companion,10000000,20342852,26716191,47059043,37059043
86,"Dec 17, 1997",The Apostle,5000000,20733485,21277770,42011255,37011255
45,"Dec 25, 2001",Ali,109000000,58183966,87683966,145867932,36867932
89,"Jul 9, 1982",Tron,17000000,26918576,26918576,53837152,36837152
2,"Oct 20, 2006",Marie Antoinette,40000000,15962471,60862471,76824942,36824942
92,"Jan 13, 2006",Last Holiday,45000000,38399961,43343247,81743208,36743208
84,"Feb 18, 2000",Boiler Room,9000000,16963963,28773637,45737600,36737600
64,"Apr 28, 2000",The Flintstones in Viva Rock Vegas,58000000,35231365,59431365,94662730,36662730
33,"Sep 30, 2015",The Walk,35000000,10161183,61492104,71653287,36653287
88,"Aug 17, 1979",Life of Brian,4000000,20182359,20468305,40650664,36650664
90,"Mar 1, 2013",The Last Exorcism Part II,4000000,15179303,25448707,40628010,36628010
93,"Oct 9, 2015",Pan,150000000,35088320,151525973,186614293,36614293
32,"Sep 14, 2007",The Brave One,70000000,36793804,69792704,106586508,36586508
1,"Jul 16, 1999",Lake Placid,27000000,31770413,31770413,63540826,36540826
59,"Dec 6, 2002",Adaptation,18500000,22498520,32531759,55030279,36530279
45,"Jan 17, 2003",Cidade de Deus,3300000,7563397,32059295,39622692,36322692
87,"Nov 3, 1982",The Man From Snowy River,5000000,20659423,20659423,41318846,36318846
10,"Jun 30, 1985",Day of the Dead,3500000,5804262,34004262,39808524,36308524
79,"Jun 15, 2007",Nancy Drew,20000000,25584685,30703845,56288530,36288530
56,"Dec 21, 1994",Ri¢hie Ri¢h,40000000,38087756,38087756,76175512,36175512
38,"Oct 12, 2007",Elizabeth: The Golden Age,55000000,16285240,74870866,91156106,36156106
11,"Feb 19, 2010",The Ghost Writer,45000000,15541549,65532491,81074040,36074040
94,"Jun 17, 1977",Exorcist II: The Heretic,14000000,25011000,25011000,50022000,36022000
95,"Aug 4, 2000",Saving Grace,4000000,12178602,27786849,39965451,35965451
38,"Sep 27, 2013",Baggage Claim,8500000,21569509,22885836,44455345,35955345
79,"Aug 1, 1986",Friday the 13th Part VI: Jason Lives,3000000,19472057,19472057,38944114,35944114
94,"Mar 13, 2015",It Follows,2000000,14674077,23250755,37924832,35924832
94,"May 24, 1996",Spy Hard,18000000,26936265,26936265,53872530,35872530
99,"May 5, 2017",ChÄi dÃ n zhuÄnjiÄ,23000000,0,58807172,58807172,35807172
31,"Jul 30, 2010",Charlie St. Cloud,44000000,31206263,48478084,79684347,35684347
89,"Mar 11, 2005",The Upside of Anger,12000000,18761993,28915761,47677754,35677754
42,"Oct 19, 2007","Gone, Baby, Gone",19000000,20300218,34352162,54652380,35652380
49,"Jan 12, 2001",Double Take,24000000,29823162,29823162,59646324,35646324
87,"May 13, 1988",Friday the 13th Part VII: The New Blood,2800000,19170001,19170001,38340002,35540002
53,"Aug 17, 2007",Death at a Funeral,20000000,8580428,46790428,55370856,35370856
80,"Aug 2, 2002",Martin Lawrence Live: RunTelDat,3000000,19184820,19184820,38369640,35369640
94,"Dec 6, 2013",Inside Llewyn Davis,11000000,13248209,32943247,46191456,35191456
96,"Dec 13, 1989",Glory,18000000,26593580,26593580,53187160,35187160
88,"Sep 18, 2013",Enough Said,8000000,17550872,25621449,43172321,35172321
53,"Nov 24, 2010",Faster,24000000,23240020,35792945,59032965,35032965
42,"Apr 2, 2010",Tau ming chong,4000000,129078,38899792,39028870,35028870
19,"Apr 10, 1981",The Howling,1000000,17985000,17985000,35970000,34970000
18,"Sep 14, 2012",Barfi,4600000,2804874,36751984,39556858,34956858
13,"Nov 16, 2012",Anna Karenina,49000000,12816367,71004627,83820994,34820994
39,"Oct 7, 2016",Middle School: The Worst Years of My Life,8500000,20007149,23311293,43318442,34818442
31,"Dec 31, 1946",Duel in the Sun,6000000,20400000,20400000,40800000,34800000
97,"Jun 29, 1984",Conan the Destroyer,18000000,26400000,26400000,52800000,34800000
63,"Apr 7, 1995",Rob Roy,28000000,31390587,31390587,62781174,34781174
23,"Feb 8, 2019",Cold Pursuit,60000000,32138862,62599159,94738021,34738021
59,"Oct 9, 2009",An Education,7500000,12574914,29652736,42227650,34727650
92,"Dec 17, 1973",Sleeper,2000000,18344729,18344729,36689458,34689458
51,"Jan 30, 2009",Entre les murs,3250000,3766810,34114067,37880877,34630877
86,"Jan 13, 2012",Joyful Noise,27500000,30932113,31157914,62090027,34590027
36,"Oct 12, 2012",Seven Psychopaths,13500000,15024049,33035736,48059785,34559785
80,"Jan 30, 2015",Black or White,9000000,21571189,21971021,43542210,34542210
89,"Apr 18, 2014",A Haunted House 2,4000000,17329487,21206861,38536348,34536348
9,"Aug 10, 1977",The Kentucky Fried Movie,600000,15000000,20000000,35000000,34400000
27,"May 19, 2017",Diary of a Wimpy Kid: The Long Haul,22000000,20738724,35609577,56348301,34348301
14,"Apr 4, 2003",A Man Apart,36000000,26500000,43797731,70297731,34297731
18,"Jun 27, 2012",Beasts of the Southern Wild,1800000,12795746,23265132,36060878,34260878
64,"Feb 12, 2016",Zoolander 2,50000000,28848693,55348693,84197386,34197386
40,"Mar 19, 2008",La misma luna,1700000,12590147,23271741,35861888,34161888
34,"Sep 23, 1970","Tora, Tora, Tora",25000000,29548291,29548291,59096582,34096582
18,"May 30, 2003",Wrong Turn,10000000,15417771,28649556,44067327,34067327
93,"Aug 11, 1972",Everything You Always Wanted to Know,2000000,18016290,18016290,36032580,34032580
97,"Sep 19, 2008",My Best Friend's Girl,20000000,19219250,34787111,54006361,34006361
29,"Dec 19, 2002",25th Hour,4500000,13084595,25344490,38429085,33929085
95,"Sep 25, 2009",Coco avant Chanel,23000000,6113834,50813834,56927668,33927668
75,"May 3, 2019",Long Shot,40000000,30202860,43711031,73913891,33913891
35,"Aug 1, 2014",Get on Up,30000000,30569935,33339868,63909803,33909803
2,"Dec 17, 1999",Magnolia,37000000,22450975,48446802,70897777,33897777
88,"Oct 23, 1991",House Party 2,5000000,19438638,19438638,38877276,33877276
81,"Sep 11, 1998",Rounders,12000000,22921898,22921898,45843796,33843796
89,"Mar 26, 1999",Doug's 1st Movie,5000000,19421271,19421271,38842542,33842542
51,"Dec 19, 2012",Amour,9700000,6738954,36787044,43525998,33825998
50,"Dec 21, 1999","Girl, Interrupted",24000000,28871190,28871190,57742380,33742380
10,"May 7, 2004",Super Size Me,65000,11529368,22233808,33763176,33698176
36,"Apr 11, 2014",Draft Day,25000000,28842237,29847480,58689717,33689717
91,"Oct 7, 2005",Waiting...,1125000,16124543,18673274,34797817,33672817
74,"Jan 12, 1996",Eye for an Eye,20000000,26792700,26792700,53585400,33585400
8,"Feb 12, 1988",Action Jackson,7000000,20257000,20257000,40514000,33514000
32,"Jan 1, 1977",Kingdom of the Spiders,500000,17000000,17000000,34000000,33500000
50,"Feb 11, 2011",The Eagle,25000000,19490041,38993548,58483589,33483589
86,"Oct 7, 2005",2 For the Money,20000000,22991379,30491379,53482758,33482758
18,"Feb 8, 2002",Collateral Damage,85000000,40048332,78353508,118401840,33401840
83,"Jun 15, 1979",Prophecy,12000000,22673340,22673340,45346680,33346680
32,"Sep 27, 2000",Best in Show,6000000,18621249,20695413,39316662,33316662
3,"Apr 2, 2004",Shaolin Soccer,10000000,488872,42776032,43264904,33264904
100,"Apr 10, 2009",Observe and Report,18000000,24007324,27148898,51156222,33156222
70,"Aug 15, 2008",Fly Me To the Moon,25000000,14543943,43530281,58074224,33074224
98,"Mar 12, 2010",Green Zone,100000000,35497337,97523020,133020357,33020357
39,"May 22, 2009",Dance Flick,25000000,25794018,32224624,58018642,33018642
47,"Jun 15, 1990",Gremlins 2: The New Batch,50000000,41476097,41476097,82952194,32952194
9,"May 13, 1983",Breathless,7000000,19910002,19910002,39820004,32820004
94,"Nov 20, 2015",Secret in Their Eyes,20000000,20180155,32608019,52788174,32788174
7,"Nov 19, 1925",The Big Parade,245000,11000000,22000000,33000000,32755000
96,"Jul 28, 2006",The Ant Bully,45000000,28142535,49610898,77753433,32753433
38,"Jul 12, 2013",Fruitvale Station,900000,16098998,17549645,33648643,32748643
97,"May 5, 2006",An American Haunting,14000000,16298046,30443277,46741323,32741323
11,"Feb 13, 2009",Gomorra,6200000,1579146,37339594,38918740,32718740
60,"Oct 2, 2009",The Invention of Lying,18500000,18451251,32679264,51130515,32630515
57,"May 16, 2007",Once,150000,9445857,23323631,32769488,32619488
22,"Oct 2, 2009",A Serious Man,7000000,9228788,30360570,39589358,32589358
54,"Jul 6, 2018",Sorry to Bother You,3200000,17493096,18285560,35778656,32578656
96,"Dec 6, 2002",Empire,3500000,17504595,18495444,36000039,32500039
90,"Aug 20, 2010",Lottery Ticket,17000000,24719879,24719879,49439758,32439758
87,"Oct 1, 1999",Drive Me Crazy,8000000,17843379,22591451,40434830,32434830
18,"Apr 23, 2010",Joheunnom nabbeunnom isanghannom,10000000,128486,42226657,42355143,32355143
83,"Jan 20, 2012",Haywire,23000000,18942396,36374700,55317096,32317096
41,"Jul 26, 1996",Kingpin,25000000,25023424,32223424,57246848,32246848
5,"Feb 23, 2007",Reno 911!: Miami,10000000,20342161,21851362,42193523,32193523
53,"Sep 18, 2009",Jennifer's Body,16000000,16204793,31943401,48148194,32148194
82,"Sep 20, 1958",Cat on a Hot Tin Roof,3000000,17570324,17570324,35140648,32140648
84,"Nov 10, 1982",Creepshow,8000000,20036244,20036244,40072488,32072488
6,"Sep 19, 2008",The Duchess,27000000,13848978,45160110,59009088,32009088
83,"May 26, 1970",Beneath the Planet of the Apes,3000000,17489009,17489009,34978018,31978018
19,"Dec 19, 2002",Antwone Fisher,12500000,21078145,23367586,44445731,31945731
19,"Mar 15, 2002",Showtime,85000000,37948765,78948765,116897530,31897530
84,"Nov 21, 2001",Black Knight,35000000,33422806,33422806,66845612,31845612
99,"Jun 24, 1970",Catch-22,18000000,24911670,24911670,49823340,31823340
23,"Dec 25, 2014",Big Eyes,10000000,14482031,27317872,41799903,31799903
9,"Sep 14, 2012",Arbitrage,12000000,7919574,35830713,43750287,31750287
81,"Mar 9, 2010",Hachiko: A Dog's Story,16000000,0,47707417,47707417,31707417
65,"Jan 16, 2009",Defiance,50000000,28644813,52987754,81632567,31632567
74,"Sep 7, 2001",Two Can Play That Game,13000000,22235901,22391450,44627351,31627351
11,"Apr 14, 2000",East is East,3000000,4170647,30438635,34609282,31609282
24,"Feb 6, 2015",Seventh Son,95000000,17725785,108874967,126600752,31600752
37,"Sep 23, 1994",The Shawshank Redemption,25000000,28241469,28307092,56548561,31548561
2,"Oct 21, 1983",The Dead Zone,10000000,20766000,20766000,41532000,31532000
77,"Jan 19, 1996",From Dusk Till Dawn,20000000,25728961,25732986,51461947,31461947
35,"Nov 8, 2002",Far From Heaven,13500000,15901849,29027914,44929763,31429763
26,"Apr 15, 1983",The Evil Dead,375000,2400000,29400000,31800000,31425000
85,"May 14, 2010",Just Wright,12000000,21540363,21867665,43408028,31408028
85,"Jul 22, 2005",The Bad News Bears,35000000,32868349,33500620,66368969,31368969
87,"Aug 7, 1992",Raising Cain,11000000,21171695,21171695,42343390,31343390
57,"Sep 17, 1999",For Love of the Game,50000000,35188640,46112640,81301280,31301280
70,"Feb 17, 2006",Nochnoy dozor,4200000,1502188,33913542,35415730,31215730
21,"Mar 2, 2007",Zodiac,85000000,33080084,83080084,116160168,31160168
18,"Jan 25, 2013",Parker,35000000,17616641,48543388,66160029,31160029
81,"Jan 21, 2000",Down to You,9000000,20035310,20035310,40070620,31070620
94,"Sep 1, 2006",Lage Raho Munna Bhai,2700000,2217561,31517561,33735122,31035122
12,"Jul 22, 2005",The Devil's Rejects,7000000,17044981,20940428,37985409,30985409
45,"Apr 24, 2009",Fighting,25000000,23091010,32831707,55922717,30922717
23,"Aug 29, 2008",Disaster Movie,20000000,14190901,36720752,50911653,30911653
80,"Nov 22, 2006",Deck the Halls,51000000,35093569,46815807,81909376,30909376
30,"Mar 5, 1999","Lock, Stock and Two Smoking Barrels",1350000,3897569,28356188,32253757,30903757
91,"Aug 21, 2009",Shorts,20000000,20919166,29870801,50789967,30789967
3,"Feb 2, 2001",Valentine,10000000,20384136,20384136,40768272,30768272
59,"Dec 30, 2011",Jodaeiye Nader az Simin,800000,7098492,24426169,31524661,30724661
76,"Aug 17, 2001",Captain Corelli's Mandolin,57000000,25528495,62097495,87625990,30625990
38,"May 13, 2005",Danny the Dog,43000000,24537621,49037621,73575242,30575242
93,"Oct 1, 1988",Halloween 4: The Return of Michael Myers,5000000,17768757,17768757,35537514,30537514
58,"Dec 25, 2018",Holmes & Watson,42000000,30568743,41926605,72495348,30495348
27,"Oct 30, 2015",Burnt,20000000,13651946,36773510,50425456,30425456
91,"Nov 15, 2013",Nebraska,12000000,17654912,24761360,42416272,30416272
74,"Jan 18, 2013",The Last Stand,30000000,12050299,48330757,60381056,30381056
9,"Dec 8, 2000",Proof of Life,65000000,32598931,62761005,95359936,30359936
59,"Sep 15, 2017",mother!,30000000,17800004,42531076,60331080,30331080
24,"Dec 11, 2009",A Single Man,7000000,9176000,28142379,37318379,30318379
10,"May 5, 2000",Michael Jordan to the MAX,7000000,18642318,18642318,37284636,30284636
98,"Oct 8, 1999",Boys Don't Cry,2000000,11540607,20741000,32281607,30281607
86,"Sep 10, 1999",Stir of Echoes,12000000,21133087,21133087,42266174,30266174
23,"Oct 8, 1999",Random Hearts,64000000,31054924,63200000,94254924,30254924
56,"Jan 1, 1971",Sweet Sweetback's Baad Asssss Song,150000,15200000,15200000,30400000,30250000
33,"Mar 29, 2019",Unplanned,6000000,18107621,18107621,36215242,30215242
87,"Jan 13, 1995",Tales from the Crypt: Demon Knight,12000000,21089146,21089146,42178292,30178292
35,"Apr 16, 2003",A Mighty Wind,6000000,17583468,18504539,36088007,30088007
62,"Sep 17, 1993",The Age of Innocence,34000000,32014993,32014993,64029986,30029986
85,"Aug 11, 2006",Pulse,20500000,20264436,30241435,50505871,30005871
39,"Jan 25, 2013",Movie 43,10000000,8840453,31164747,40005200,30005200
18,"Feb 26, 2016",Gods of Egypt,140000000,31153464,138836756,169990220,29990220
74,"Dec 22, 1999",Man on the Moon,52000000,34580635,47407635,81988270,29988270
97,"Nov 27, 2002",Treasure Planet,100000000,38120554,91800000,129920554,29920554
96,"Oct 10, 2014",Addicted,5000000,17390770,17499242,34890012,29890012
63,"Aug 7, 1981",Heavy Metal,9300000,19571091,19571091,39142182,29842182
78,"Aug 11, 2000",Bless the Child,40000000,29374178,40435694,69809872,29809872
85,"Apr 28, 2006",Akeelah and the Bee,8000000,18848430,18959424,37807854,29807854
88,"Apr 13, 1978",F.I.S.T,11000000,20388920,20388920,40777840,29777840
85,"Feb 14, 2013",Beautiful Creatures,50000000,19452138,60282876,79735014,29735014
24,"Dec 29, 1993",Shadowlands,22000000,25842377,25842377,51684754,29684754
9,"Jan 15, 2016",Norm of the North,18000000,17062499,30535660,47598159,29598159
90,"Mar 3, 2006",Aquamarine,12000000,18597342,22978953,41576295,29576295
51,"Feb 11, 2000",The Beach,50000000,39778599,39778599,79557198,29557198
29,"Jun 15, 2012",Rock of Ages,70000000,38518613,61031932,99550545,29550545
57,"Mar 28, 2008","Run, Fatboy, Run",10000000,6003262,33512260,39515522,29515522
91,"Sep 5, 2003",Dickie Roberts: Former Child Star,17000000,22734486,23734486,46468972,29468972
20,"Feb 12, 1982",La Guerre du feu,12500000,20959585,20959585,41919170,29419170
25,"Aug 27, 2008",Traitor,22000000,23530831,27882226,51413057,29413057
11,"Sep 3, 2010",Going the Distance,32000000,17804299,43603990,61408289,29408289
24,"Dec 25, 2006",Children of Men,76000000,35552383,69845011,105397394,29397394
87,"Sep 14, 2012",The Master,37500000,16247159,50647416,66894575,29394575
25,"May 9, 2003",Les invasions barbares,5000000,8460000,25913869,34373869,29373869
34,"Jun 7, 2002",Bad Company,70000000,30157016,69157016,99314032,29314032
49,"Mar 29, 1996",Sgt. Bilko,39000000,30356589,37956589,68313178,29313178
72,"Feb 13, 2009",The International,50000000,25450527,53850527,79301054,29301054
98,"Jan 19, 2018",Forever My Girl,3500000,16376066,16376066,32752132,29252132
7,"May 19, 2000",Small Time Crooks,18000000,17266359,29934477,47200836,29200836
1,"Apr 10, 1981",Nighthawks,5000000,14600000,19600000,34200000,29200000
67,"Oct 24, 2008",Pride and Glory,30000000,15740721,43440721,59181442,29181442
89,"Jan 1, 1975",Barry Lyndon,11000000,20000000,20169934,40169934,29169934
26,"Apr 17, 2009",Crank 2: High Voltage,20000000,13684249,35472739,49156988,29156988
59,"Oct 17, 2008",W.,25100000,25534493,28575778,54110271,29010271
90,"Sep 27, 1995",To Die For,20000000,21284514,27688744,48973258,28973258
51,"Sep 8, 2000",Nurse Betty,24000000,25170054,27732366,52902420,28902420
85,"Aug 13, 1993",Jason Goes to Hell: The Final Friday,3000000,15935068,15935068,31870136,28870136
64,"Mar 1, 1991",The Doors,40000000,34416893,34416893,68833786,28833786
58,"Aug 19, 2011",Fright Night,30000000,18298649,40520649,58819298,28819298
15,"Jan 29, 2016",Fifty Shades of Black,5000000,11686940,22113075,33800015,28800015
1,"Nov 14, 1980",Raging Bull,18000000,23380203,23380203,46760406,28760406
4,"Jun 9, 2017",It Comes at Night,5000000,13985117,19720203,33705320,28705320
11,"Jun 19, 2015",Dope,7000000,17506470,18190831,35697301,28697301
14,"Jan 24, 2014","I, Frankenstein",65000000,19075290,74575290,93650580,28650580
36,"Feb 8, 2019",The Prodigy,6000000,14856291,19789712,34646003,28646003
68,"Sep 5, 2014",Thunder and the House of Magic,34000000,4091,62582520,62586611,28586611
30,"Sep 19, 2008",Igor,22000000,19528602,31013349,50541951,28541951
95,"Aug 13, 2004",Yu-Gi-Oh,20000000,19762690,28762690,48525380,28525380
43,"Dec 17, 2004",Mar adentro,13300000,2086345,39686345,41772690,28472690
44,"Apr 23, 2010",The Losers,25000000,23591432,29863840,53455272,28455272
35,"Jun 18, 1999",Lola rennt,1750000,7267324,22879194,30146518,28396518
99,"May 24, 2013",Before Midnight,3000000,8110621,23251930,31362551,28362551
22,"Apr 13, 2012",Lockout,20000000,14326865,33943049,48269914,28269914
86,"Oct 14, 1994",Wes Craven's New Nightmare,8000000,18090181,18090181,36180362,28180362
21,"Sep 18, 1987",Hellraiser,1000000,14564000,14575148,29139148,28139148
93,"Sep 19, 2008",Appaloosa,20000000,20211394,27911453,48122847,28122847
22,"Mar 11, 2016","Hello, My Name is Doris",1000000,14444999,14662703,29107702,28107702
96,"Nov 13, 2009",Fantastic Mr. Fox,40000000,21002919,47083412,68086331,28086331
47,"Sep 30, 2016",Deepwater Horizon,156000000,61433527,122603824,184037351,28037351
1,"Nov 21, 2012",Red Dawn,65000000,44806783,48164150,92970933,27970933
68,"Oct 20, 2006",Flicka,15000000,21000147,21896367,42896514,27896514
82,"May 27, 2011",Die Welle,7250000,0,35122948,35122948,27872948
95,"Mar 12, 2010",Our Family Wedding,14000000,20255281,21410546,41665827,27665827
48,"Jun 16, 2000",Boys and Girls,16000000,21799652,21799652,43599304,27599304
67,"Sep 8, 1989",Kickboxer,1500000,14533681,14533681,29067362,27567362
95,"Feb 11, 2005",Ong-Bak,1100000,4563167,24062965,28626132,27526132
38,"Apr 2, 2004",The Prince & Me,30000000,28165882,29356757,57522639,27522639
2,"Mar 7, 2008",é·æ±ä¸è (CJ7),20000000,206678,47300771,47507449,27507449
70,"May 12, 2006",Just My Luck,28000000,17326650,38159905,55486555,27486555
82,"Jul 30, 2004",Harold & Kumar Go to White Castle,9000000,18225165,18225165,36450330,27450330
95,"Jan 16, 2004",Torque,40000000,21176322,46176322,67352644,27352644
97,"Mar 9, 2012",Silent House,2000000,12739737,16610760,29350497,27350497
56,"Jul 9, 1999",Arlington Road,21500000,24419219,24419219,48838438,27338438
12,"Feb 8, 2008",In Bruges,15000000,7800825,34533783,42334608,27334608
1,"Mar 26, 2004",Jersey Girl,35000000,25266129,37066129,62332258,27332258
53,"Feb 18, 1994",On Deadly Ground,50000000,38590458,38590458,77180916,27180916
54,"Dec 31, 2017",Perfectos Desconocidos,4000000,0,31166312,31166312,27166312
24,"Dec 6, 2002",Analyze That,60000000,32122249,54994757,87117006,27117006
64,"Jul 26, 1996",The Adventures of Pinocchio,25000000,15382170,36682170,52064340,27064340
94,"Dec 9, 2011",Young Adult,12000000,16311571,22750356,39061927,27061927
97,"Aug 31, 2001",O (Othello),5000000,16017403,16017403,32034806,27034806
86,"Apr 27, 1990",Spaced Invaders,3000000,15000000,15000000,30000000,27000000
70,"Apr 4, 1997",Chasing Amy,250000,12006514,15155095,27161609,26911609
87,"Dec 14, 1984",A Passage to India,27500000,27187653,27187653,54375306,26875306
50,"Sep 30, 2005",Serenity,39000000,25514517,40319440,65833957,26833957
89,"Jan 16, 1998",Half Baked,8000000,17394881,17394881,34789762,26789762
8,"Feb 25, 1994",Sugar Hill,10000000,18272447,18423914,36696361,26696361
83,"Oct 13, 2000",The Contender,9000000,17804273,17804273,35608546,26608546
25,"Jun 24, 2016",Hunt for the Wilderpeople,2500000,5205471,23845533,29051004,26551004
40,"Mar 17, 2017",T2: Trainspotting,18000000,2402004,42091262,44493266,26493266
28,"Mar 14, 2003",The Hunted,55000000,34234008,47213095,81447103,26447103
36,"Aug 2, 1996",Chain Reaction,55000000,21226204,60209334,81435538,26435538
50,"Jul 4, 2003",Swimming Pool,7800000,10130108,24021282,34151390,26351390
71,"Jul 21, 1995",Kids,1500000,7412216,20412216,27824432,26324432
100,"Oct 19, 2012",Alex Cross,35000000,25888412,35426759,61315171,26315171
18,"Oct 22, 1982",Halloween 3: Season of the Witch,2500000,14400000,14400000,28800000,26300000
70,"Apr 29, 2016",Keanu,15000000,20591853,20688141,41279994,26279994
85,"Mar 24, 2006",Stay Alive,20000000,23086480,23187506,46273986,26273986
94,"Jul 14, 1995",The Indian in the Cupboard,45000000,35627222,35627222,71254444,26254444
64,"Jan 27, 2012",Man on a Ledge,42000000,18620000,49621440,68241440,26241440
43,"Mar 12, 2004",Agent Cody Banks 2: Destination London,26000000,23514247,28703083,52217330,26217330
2,"Apr 22, 2010",Oceans,80000000,19422319,86787530,106209849,26209849
23,"Sep 11, 2009",Sorority Row,12500000,11965282,26735797,38701079,26201079
12,"Mar 3, 2017",Before I Fall,5000000,12241072,18945682,31186754,26186754
12,"Dec 11, 1998",Rushmore,10000000,17105219,19080435,36185654,26185654
37,"Jan 27, 2006",Rang De Basanti,5300000,2197694,29197694,31395388,26095388
52,"Jan 19, 2005",Assault On Precinct 13,30000000,20040895,36040895,56081790,26081790
14,"Jun 17, 2005",The Perfect Man,10000000,16535005,19535005,36070010,26070010
2,"Apr 18, 2014",Transcendence,100000000,23022309,103039258,126061567,26061567
73,"Oct 13, 2006",The Marine,15000000,18844784,22165608,41010392,26010392
91,"Dec 17, 1974",The Front Page,4000000,15000000,15000000,30000000,26000000
88,"Jan 1, 1978",The Boys from Brazil,12000000,19000000,19000000,38000000,26000000
53,"Aug 23, 2013",Yi dai zong shi,38600000,6594959,57987299,64582258,25982258
19,"Aug 22, 1973",High Plains Drifter,5500000,15700000,15700000,31400000,25900000
95,"Jul 13, 2018",Eighth Grade,2000000,13539710,14341016,27880726,25880726
93,"May 19, 2006",See No Evil,8000000,15032800,18828036,33860836,25860836
19,"Feb 12, 2016",The Little Prince,77500000,1311213,102028919,103340132,25840132
71,"Dec 22, 2010",Country Strong,15000000,20218921,20601987,40820908,25820908
97,"Jul 14, 2017",Wish Upon,12000000,14301505,23477345,37778850,25778850
40,"May 15, 1998",Bulworth,30000000,26528684,29203383,55732067,25732067
78,"Apr 27, 2012",Safe,33000000,17142080,41495213,58637293,25637293
92,"Feb 22, 2002",Queen of the Damned,35000000,30307804,30307804,60615608,25615608
89,"Jun 1, 2018",Upgrade,3000000,11977130,16553285,28530415,25530415
39,"Aug 8, 2007",Daddy Day Camp,6000000,13235267,18209872,31445139,25445139
18,"Jun 19, 2009",Whatever Works,15000000,5306706,35106706,40413412,25413412
42,"Mar 9, 2007",The Namesake,8500000,13610521,20288774,33899295,25399295
92,"Mar 31, 2006",ATL,17000000,21170563,21170563,42341126,25341126
9,"Jun 20, 2008",Kit Kittredge: An American Girl,10000000,17657973,17657973,35315946,25315946
25,"Dec 29, 2010",Blue Valentine,1000000,9737892,16566240,26304132,25304132
96,"Oct 27, 1995",Vampire in Brooklyn,14000000,19637147,19637147,39274294,25274294
49,"Jun 13, 2018",Superfly,16000000,20537137,20723581,41260718,25260718
98,"Sep 29, 1995",Halloween: The Curse of Michael Myers,5000000,15126948,15126948,30253896,25253896
75,"Feb 5, 2010",From Paris With Love,52000000,24077427,53139168,77216595,25216595
57,"May 17, 1996",Flipper,25530000,20080020,30593313,50673333,25143333
42,"Mar 18, 2005",Ice Princess,25000000,24381334,25732334,50113668,25113668
20,"Aug 11, 2006",Kabhi Alvida Naa Kehna,10750000,3275443,32575443,35850886,25100886
10,"Sep 27, 1985",Invasion U.S.A.,10000000,17536256,17536256,35072512,25072512
99,"Aug 24, 1954",The Egyptian,5000000,15000000,15000000,30000000,25000000
23,"Sep 16, 2005",Cry Wolf,1000000,10047674,15943081,25990755,24990755
60,"Mar 20, 2015",Do You Believe?,2300000,12985600,14304931,27290531,24990531
92,"Apr 7, 2006",Friends with Money,6500000,13368437,18110152,31478589,24978589
29,"Feb 11, 2005",Bride & Prejudice,7000000,6601079,25269040,31870119,24870119
11,"Sep 23, 2005",Roll Bounce,10000000,17380866,17433072,34813938,24813938
92,"May 30, 1956",Trapeze,4000000,14400000,14400000,28800000,24800000
35,"Dec 2, 2005",Aeon Flux,55000000,25857987,53913573,79771560,24771560
16,"Oct 23, 2015",Suffragette,14000000,4702420,34044909,38747329,24747329
100,"Nov 7, 1997",Eve's Bayou,5000000,14843425,14843425,29686850,24686850
2,"Apr 11, 2008",The Visitor,4000000,9427026,19174817,28601843,24601843
26,"Jan 20, 2006",Transamerica,1000000,9015303,16553163,25568466,24568466
86,"Nov 18, 2016",The Edge of Seventeen,9000000,14431633,19096003,33527636,24527636
99,"May 1, 1987",Creepshow 2,3500000,14000000,14000000,28000000,24500000
95,"Apr 28, 2017",JÃ¬yÃ¬ dÃ shÄ«,20000000,587470,43888531,44476001,24476001
93,"Aug 16, 1985",The Return of the Living Dead,4000000,14237880,14237880,28475760,24475760
100,"Apr 8, 2016",Hardcore Henry,2000000,9252038,17187434,26439472,24439472
66,"Nov 6, 2009",The Box,25000000,15051977,34356760,49408737,24408737
19,"Oct 1, 2008",Religulous,2500000,13011160,13881317,26892477,24392477
14,"Mar 13, 2009",Sunshine Cleaning,5000000,12062558,17329337,29391895,24391895
99,"Aug 7, 2009",A Perfect Getaway,14000000,15515460,22815460,38330920,24330920
45,"Dec 6, 1996",Everyone Says I Love You,20000000,9725847,34600000,44325847,24325847
29,"Jul 20, 2018",Unfriended: Dark Web,1000000,8866745,16434588,25301333,24301333
14,"Mar 30, 2001",Amores Perros,2000000,5383834,20883834,26267668,24267668
96,"Dec 25, 1962",To Kill A Mockingbird,2000000,13129846,13129846,26259692,24259692
24,"Sep 30, 2011",What's Your Number?,20000000,14011084,30163785,44174869,24174869
32,"Sep 28, 2001",Hearts in Atlantis,31000000,24185781,30885781,55071562,24071562
88,"Jan 23, 2008",U2 3D,15000000,12898847,26170402,39069249,24069249
15,"Mar 22, 1996",Flirting with Disaster,7000000,14853474,16149180,31002654,24002654
61,"Jul 17, 2002",Eight Legged Freaks,30000000,17266505,36722311,53988816,23988816
40,"Jan 23, 2009",Inkheart,60000000,17303424,66655938,83959362,23959362
89,"Jun 23, 2006",Krrish,10000000,1430721,32430721,33861442,23861442
78,"Jun 29, 2001",crazy/beautiful,13000000,16929123,19929123,36858246,23858246
33,"Nov 1, 2002",I Spy,70000000,33561137,60279822,93840959,23840959
50,"Apr 3, 2009",Adventureland,9800000,16044025,17553055,33597080,23797080
7,"Oct 31, 2008",The Haunting of Molly Hartley,5000000,13442412,15318257,28760669,23760669
7,"Mar 31, 2017",The Zookeeperâs Wife,20000000,17445186,26308749,43753935,23753935
76,"Mar 22, 2013",Admission,13000000,18007317,18733666,36740983,23740983
18,"Aug 24, 2012",Les petits mouchoirs,25000000,205505,48530887,48736392,23736392
20,"Sep 28, 2018",Hell Fest,5500000,11107431,18119231,29226662,23726662
28,"Jan 18, 2008",Mad Money,22000000,20668843,25044057,45712900,23712900
2,"Jul 28, 1989",Friday the 13th Part VIII: Jason Takes Manhattan,5000000,14343976,14343976,28687952,23687952
71,"Jul 1, 1994",The Shadow,40000000,31835600,31835600,63671200,23671200
41,"Apr 23, 1999",Election,8500000,14943582,17202854,32146436,23646436
18,"Sep 21, 2012",Trouble with the Curve,60000000,35763137,47818913,83582050,23582050
54,"Oct 14, 2005",Elizabethtown,54000000,26850426,50719373,77569799,23569799
19,"Sep 17, 2004",Wimbledon,35000000,16862585,41666476,58529061,23529061
72,"Oct 11, 2002",Tuck Everlasting,15000000,19161999,19344615,38506614,23506614
85,"Dec 5, 2006",Black Christmas,9000000,16235738,16235738,32471476,23471476
87,"Apr 9, 1976",Family Plot,3000000,13200000,13200000,26400000,23400000
60,"Oct 9, 2015",Steve Jobs,30000000,17766658,35579007,53345665,23345665
13,"Jan 19, 1990",Tremors,10000000,16667084,16667084,33334168,23334168
31,"Sep 19, 2008",Ghost Town,20000000,13367624,29958228,43325852,23325852
87,"Sep 14, 2007",Eastern Promises,50000000,17181265,56077088,73258353,23258353
31,"Feb 9, 2001",Saving Silverman,22000000,19351569,25873142,45224711,23224711
57,"Dec 20, 1996",My Fellow Americans,21500000,22331846,22331846,44663692,23163692
38,"Feb 12, 1988",School Daze,6000000,14545844,14545844,29091688,23091688
23,"Aug 19, 2016",Ben-Hur,95000000,26410477,91669648,118080125,23080125
16,"Jan 25, 2002",Kung Pow: Enter the Fist,10000000,16033556,17033556,33067112,23067112
7,"Dec 31, 2010",Konferenz der Tiere,30000000,0,53048539,53048539,23048539
88,"Jul 16, 1966",Torn Curtain,3000000,13000000,13000000,26000000,23000000
17,"Mar 30, 2001",The Tailor of Panama,18000000,13491653,27491653,40983306,22983306
89,"Oct 19, 1990",Quigley Down Under,20000000,21413105,21413105,42826210,22826210
73,"Apr 18, 2003",Winged Migration,28000000,11689053,39134983,50824036,22824036
96,"Dec 14, 2018",If Beale Street Could Talk,12000000,14915773,19859167,34774940,22774940
17,"Oct 7, 2016",The Birth of a Nation,10000000,15861566,16891011,32752577,22752577
32,"Mar 25, 2016",The Lobster,4500000,9196278,18019834,27216112,22716112
6,"Nov 26, 2003",Les Triplettes de Belleville,2000000,7301288,17403168,24704456,22704456
79,"Nov 2, 2012",The Man with the Iron Fists,15000000,15634090,22018988,37653078,22653078
92,"Jan 9, 2004",My Baby's Daddy,12000000,17321573,17322212,34643785,22643785
19,"Apr 11, 2003","House of 1,000 Corpses",7000000,12634962,17005466,29640428,22640428
94,"Aug 7, 2002",The Good Girl,8000000,14018296,16585503,30603799,22603799
93,"Oct 5, 2001",Max Keeble's Big Move,12000000,17292381,17292381,34584762,22584762
2,"Feb 19, 2010",Le Petit Nicolas,30000000,201857,52339566,52541423,22541423
80,"Dec 25, 2007",Persepolis,7300000,4443403,25397187,29840590,22540590
100,"Dec 14, 1967",In Cold Blood,3500000,13000000,13007551,26007551,22507551
18,"Aug 25, 1999",In Too Deep,7000000,14026509,15471229,29497738,22497738
27,"Sep 22, 2010",You Will Meet a Tall Dark Stranger,15000000,3247816,34247816,37495632,22495632
31,"Feb 29, 2008",Semi-Pro,55000000,33479698,43980363,77460061,22460061
41,"Jun 13, 2003",Dumb and Dumberer: When Harry Met Lloyd,30000000,26214846,26214846,52429692,22429692
93,"Aug 24, 2001",Summer Catch,17000000,19693891,19693891,39387782,22387782
37,"Oct 21, 2011",Margin Call,3400000,5353586,20433227,25786813,22386813
95,"Jul 23, 2004",Catwoman,100000000,40202379,82145379,122347758,22347758
28,"Sep 28, 1996",Secrets & Lies,4500000,13417292,13417292,26834584,22334584
15,"Aug 3, 1990",Mo' Better Blues,10000000,16153000,16153000,32306000,22306000
16,"Nov 14, 2014",Beyond the Lights,7000000,14618727,14618727,29237454,22237454
64,"Apr 6, 2007",Grindhouse,53000000,25031037,50187789,75218826,22218826
50,"Dec 31, 2017",Posledniy bogatyr,8500000,0,30700192,30700192,22200192
90,"Jan 20, 2017",The Founder,15000000,12786053,24403192,37189245,22189245
25,"Oct 11, 1996",The Ghost and the Darkness,55000000,38564422,38564422,77128844,22128844
68,"Feb 26, 1988",Bloodsport,1500000,11806119,11806119,23612238,22112238
20,"Jan 1, 1971",Escape from the Planet of the Apes,2500000,12300000,12300000,24600000,22100000
1,"Jul 18, 1959",The Nun's Story,3500000,12800000,12800000,25600000,22100000
48,"Apr 23, 2004",Silmido,8500000,298347,30298347,30596694,22096694
2,"Dec 22, 2006",We Are Marshall,65000000,43545364,43545364,87090728,22090728
40,"Feb 22, 2008",Be Kind Rewind,20000000,11175164,30894247,42069411,22069411
95,"Apr 12, 2002",Frailty,11000000,13110448,19947280,33057728,22057728
52,"Oct 11, 2002",White Oleander,16000000,16357770,21657770,38015540,22015540
96,"Feb 19, 1993",Army of Darkness,11000000,11502976,21502976,33005952,22005952
94,"Nov 4, 1988",They Live,4000000,13000000,13000774,26000774,22000774
21,"Apr 15, 2016",Criminal,31500000,14708696,38771262,53479958,21979958
17,"Apr 30, 2010",Furry Vengeance,35000000,17630465,39340177,56970642,21970642
92,"Jun 13, 1997",Ulee's Gold,2700000,9054736,15600000,24654736,21954736
46,"Sep 7, 2012",The Words,6000000,11494838,16369708,27864546,21864546
62,"Aug 25, 2006",Beerfest,17500000,19185184,20159316,39344500,21844500
43,"Apr 27, 2007",Next,70000000,18211013,73591500,91802513,21802513
2,"Jun 21, 1972",Frenzy,3500000,12600000,12600000,25200000,21700000
62,"Jul 4, 2008",Ne le dis Ã personne,18500000,6198883,33954018,40152901,21652901
10,"Nov 11, 2005",Zathura,65000000,28045540,58545540,86591080,21591080
40,"Mar 1, 1991",Haakon Haakonsen,8500000,15024232,15024232,30048464,21548464
12,"Oct 26, 2001",Life as a House,18000000,15652637,23889158,39541795,21541795
74,"Jul 24, 1998",Disturbing Behavior,15000000,17507368,19014238,36521606,21521606
21,"Mar 31, 2000",The Road to El Dorado,95000000,50802661,65700000,116502661,21502661
5,"Dec 4, 1985",Young Sherlock Holmes,18000000,19739000,19739000,39478000,21478000
17,"Jul 31, 1992",Buffy the Vampire Slayer,7000000,14231669,14231669,28463338,21463338
30,"Mar 9, 2001",Get Over It,10000000,11560259,19860259,31420518,21420518
58,"Dec 17, 2004",Spanglish,75000000,42044321,54344321,96388642,21388642
85,"Dec 25, 1998",Mighty Joe Young,80000000,50632037,50632037,101264074,21264074
23,"Oct 6, 2000",Digimon: The Movie,5000000,9628751,16628751,26257502,21257502
61,"Nov 5, 1999",The Insider,68000000,28965197,60265197,89230394,21230394
69,"Apr 9, 2004",The Girl Next Door,25000000,14589444,31635150,46224594,21224594
8,"Jul 15, 2016",Hillaryâs America: The Secret History of the Democratic Party,5000000,13099931,13099931,26199862,21199862
100,"Mar 15, 2011",Shi Yue Wei Cheng,23000000,0,44195779,44195779,21195779
82,"Jul 14, 2009",[Rec],2100000,0,23266821,23266821,21166821
94,"Dec 22, 2000",Thirteen Days,80000000,34566746,66554547,101121293,21121293
37,"Nov 25, 1998",Very Bad Things,10000000,9949470,21094974,31044444,21044444
81,"Oct 5, 2001",Joy Ride,23000000,21973182,21973182,43946364,20946364
91,"May 15, 1998",Quest for Camelot,40000000,22772500,38172500,60945000,20945000
45,"Nov 26, 2004",Un long dimanche de fianÃ§ailles,55000000,6167817,69759296,75927113,20927113
9,"Jun 21, 1996",Lone Star,5000000,12961389,12961389,25922778,20922778
10,"Mar 27, 1986",April Fool's Day,5000000,12947763,12947763,25895526,20895526
78,"Feb 8, 1915",The Birth of a Nation,110000,10000000,11000000,21000000,20890000
32,"Feb 23, 2018",Annihilation,55000000,32732301,43070915,75803216,20803216
16,"Aug 9, 1995",The Brothers McMullen,50000,10426506,10426506,20853012,20803012
90,"Mar 3, 2006",Dave Chappelle's Block Party,3000000,11718595,12051924,23770519,20770519
49,"Nov 29, 1945",The Lost Weekend,1250000,11000000,11000000,22000000,20750000
79,"Nov 23, 2005",Rent,40000000,29077547,31670620,60748167,20748167
34,"Apr 4, 2008",Shine a Light,1000000,5505267,16173879,21679146,20679146
8,"Jun 11, 2010",Winter's Bone,2000000,6531503,16131551,22663054,20663054
59,"Jan 27, 2012",One for the Money,42000000,26414527,36197221,62611748,20611748
45,"Apr 27, 2012",The Raven,26000000,16008272,30601801,46610073,20610073
3,"Nov 18, 2016",Nocturnal Animals,22500000,10663357,32398681,43062038,20562038
8,"May 12, 2000",Center Stage,18000000,17200925,21361109,38562034,20562034
54,"Jul 29, 2011",The Guard,6000000,5359774,21197454,26557228,20557228
92,"Oct 30, 1998",Vampires,20000000,20268825,20268825,40537650,20537650
38,"Sep 23, 2011",Killer Elite,70000000,25124986,65409046,90534032,20534032
79,"Aug 28, 1998",54,13000000,16757163,16757163,33514326,20514326
3,"Feb 23, 1966",Harper,3500000,12000000,12000000,24000000,20500000
12,"Jul 4, 2008",AstÃ©rix aux Jeux Olympiques,113500000,999811,132999811,133999622,20499622
70,"Mar 23, 2018",Unsane,1500000,7690044,14244931,21934975,20434975
23,"Nov 15, 2013",La grande bellezza,12000000,2883879,29549145,32433024,20433024
21,"Aug 14, 2009","The Goods: Live Hard, Sell Hard",10000000,15122676,15297318,30419994,20419994
38,"Oct 1, 2010",Let Me In,20000000,12134935,28270399,40405334,20405334
76,"Aug 25, 2000",The Art of War,40000000,30199105,30199105,60398210,20398210
19,"May 16, 1980",The Long Riders,10000000,15198912,15198912,30397824,20397824
58,"Dec 4, 1998",Little Voice,6000000,4595000,21787233,26382233,20382233
20,"Mar 12, 1999",The Corruptor,10000000,15164492,15164492,30328984,20328984
2,"Sep 24, 2010",Buried,1987650,1044143,21270290,22314433,20326783
90,"Aug 12, 2011",Glee: The 3D Concert Movie,9000000,11862398,17462398,29324796,20324796
81,"Sep 29, 2006",Facing the Giants,100000,10178331,10243159,20421490,20321490
23,"Mar 28, 2003",The Core,85000000,31111260,74132631,105243891,20243891
11,"Apr 2, 1982",Diner,5000000,12592907,12592907,25185814,20185814
39,"Oct 11, 2013",La Vie d'AdÃ¨le â Chapitres 1 & 2,5250000,2450504,22914479,25364983,20114983
71,"Oct 13, 2000",Lost Souls,28000000,16779636,31320293,48099929,20099929
77,"Nov 20, 1998",Central do Brasil,2900000,5969553,17006158,22975711,20075711
44,"Sep 18, 1998",One True Thing,30000000,23337196,26708196,50045392,20045392
27,"Dec 31, 2002",Confessions of a Dangerous Mind,29000000,16007718,33013805,49021523,20021523
54,"Oct 24, 1978",The Wiz,24000000,22000000,22000000,44000000,20000000
42,"Sep 14, 2018",White Boy Rick,30000000,24004833,25947983,49952816,19952816
48,"Jul 10, 2015",Self/Less,26000000,12279691,33667319,45947010,19947010
10,"Jan 23, 1943",Casablanca,1039000,10462500,10496855,20959355,19920355
22,"Sep 15, 2000",Almost Famous,60000000,32522352,47371191,79893543,19893543
26,"Dec 30, 2005",The Matador,10000000,12589255,17300838,29890093,19890093
64,"Apr 18, 2008",88 Minutes,30000000,16930884,32955399,49886283,19886283
5,"Aug 23, 1996",She's the One,3500000,9482579,13795053,23277632,19777632
78,"Jan 28, 2000",Eye of the Beholder,15000000,16500786,18260865,34761651,19761651
96,"Mar 23, 2007",Reign Over Me,20000000,19661987,20081987,39743974,19743974
96,"Aug 8, 1963",The Great Escape,4000000,11744471,11972561,23717032,19717032
98,"May 11, 2007",Georgia Rule,20000000,18882880,20819601,39702481,19702481
61,"Jul 17, 1951",Show Boat,2300000,11000000,11000000,22000000,19700000
28,"Jan 1, 1980",Maniac,350000,10000000,10000000,20000000,19650000
14,"Dec 4, 2009",Armored,20000000,15988876,23661038,39649914,19649914
6,"Nov 3, 1995",Home for the Holidays,20000000,17468887,22119269,39588156,19588156
40,"Oct 21, 1988",Mystic Pizza,6000000,12793213,12793213,25586426,19586426
56,"Mar 3, 2006",Ultraviolet,30000000,18522064,30962112,49484176,19484176
13,"Apr 15, 1983",Lone Wolf McQuade,5000000,12232628,12232628,24465256,19465256
9,"Feb 22, 2008",Die FÃ¤lscher,6250000,5488570,20199663,25688233,19438233
32,"Nov 22, 2002",The Quiet American,20000000,12987647,26348203,39335850,19335850
97,"Apr 7, 1933",King Kong,672000,10000000,10000650,20000650,19328650
10,"Nov 20, 2015",Legend,25000000,1872994,42425450,44298444,19298444
58,"Dec 11, 1998",Jack Frost,50000000,34645374,34645374,69290748,19290748
97,"Dec 5, 1980",Flash Gordon,35000000,27107960,27107960,54215920,19215920
56,"Mar 16, 2007",The Wind That Shakes the Barley,8300000,1829142,25670174,27499316,19199316
69,"Mar 28, 2003",Basic,50000000,26599248,42598498,69197746,19197746
45,"May 4, 2006",Chinjeolhan geumjassi,4500000,211667,23471871,23683538,19183538
11,"Jan 18, 2013",Broken City,35000000,19701164,34480045,54181209,19181209
46,"Feb 1, 2008",Over Her Dead Body,10000000,7570127,21596074,29166201,19166201
31,"Sep 25, 2015",The Green Inferno,1000000,7192291,12931420,20123711,19123711
91,"Oct 25, 1985",Krush Groove,3000000,11052713,11052713,22105426,19105426
24,"Aug 18, 2000",Godzilla 2000,1000000,10037390,10037390,20074780,19074780
47,"Apr 7, 1995",Don Juan DeMarco,25000000,22032635,22032635,44065270,19065270
42,"Aug 21, 1956",War and Peace,6000000,12500000,12524028,25024028,19024028
92,"Jun 5, 2009",Land of the Lost,100000000,49438370,69548641,118987011,18987011
49,"May 1, 1998",He Got Game,25000000,21567853,22411948,43979801,18979801
50,"Feb 15, 2008",Dolphins and Whales Tribes of the Ocean 3D,6000000,7714996,17252287,24967283,18967283
41,"Dec 9, 2005",Mrs. Henderson Presents,20000000,11036366,27836366,38872732,18872732
89,"Oct 14, 1994",Hoop Dreams,700000,7768371,11768371,19536742,18836742
33,"Sep 14, 2001",The Glass House,22000000,17951431,22861785,40813216,18813216
61,"Nov 10, 2000",You Can Count on Me,1200000,9180275,10827356,20007631,18807631
57,"Oct 3, 2014",Left Behind,16000000,14019924,20769209,34789133,18789133
55,"Jun 10, 1988",Poltergeist III,9500000,14114000,14114000,28228000,18728000
3,"Aug 20, 2010",Soul Kitchen,4900000,276901,23347461,23624362,18724362
68,"Jul 22, 2011",Elle s'appelait Sarah,14500000,7691700,25480031,33171731,18671731
7,"Dec 31, 2008",Admiral,20000000,0,38585047,38585047,18585047
33,"Feb 26, 2016",Triple 9,20000000,12639297,25943792,38583089,18583089
64,"Oct 9, 2009",St. Trinianâs,11400000,15000,29830239,29845239,18445239
37,"Jul 28, 1954",On the Waterfront,910000,9600000,9600000,19200000,18290000
100,"Oct 3, 2008",Rachel Getting Married,12000000,12796861,17475475,30272336,18272336
93,"Jan 1, 1971",The Andromeda Strain,6500000,12376563,12376563,24753126,18253126
99,"Feb 12, 1999",Blast from the Past,35000000,26613620,26613620,53227240,18227240
97,"Sep 22, 1995",Showgirls,40000000,20350754,37750754,58101508,18101508
84,"Oct 15, 1999",The Omega Code,7200000,12610552,12678312,25288864,18088864
24,"Dec 5, 2008",Frost/Nixon,29000000,18622031,28452945,47074976,18074976
43,"Aug 4, 1995",Virtuosity,30000000,23998226,23998226,47996452,17996452
16,"Jan 23, 2004",Touching the Void,2000000,4593598,15396525,19990123,17990123
7,"Mar 15, 2013",The Incredible Burt Wonderstone,32000000,22537881,27392609,49930490,17930490
97,"Dec 2, 2011",Shame,6500000,4002293,20412841,24415134,17915134
97,"Feb 6, 2004",What the #$'! Do We Know,4000000,10941801,10941801,21883602,17883602
8,"Nov 17, 2006",Bobby,14000000,11242801,20597806,31840607,17840607
13,"Feb 23, 2000",Wonder Boys,35000000,19389454,33422485,52811939,17811939
92,"Jul 7, 1960",Elmer Gantry,3000000,10400000,10400000,20800000,17800000
56,"Jul 16, 2004",Maria Full of Grace,3200000,6529624,14441158,20970782,17770782
21,"Nov 22, 2002",The Emperor's Club,12500000,14060950,16193713,30254663,17754663
87,"Nov 10, 2000",Little Nicky,80000000,39442871,58270391,97713262,17713262
41,"Jun 30, 1972",Conquest of the Planet of the Apes,1700000,9700000,9700000,19400000,17700000
91,"Nov 21, 2001",Out Cold,11000000,13906394,14786394,28692788,17692788
99,"Jul 31, 1981",Under the Rainbow,20000000,18826490,18826490,37652980,17652980
98,"May 13, 2016",The Darkness,4000000,10753574,10898293,21651867,17651867
31,"May 28, 2010",Sea Rex 3D: Journey to a Prehistoric World,5000000,6096582,16515203,22611785,17611785
44,"May 24, 1995",Tales from the Hood,6000000,11784569,11784569,23569138,17569138
21,"May 29, 1963",Hud,2500000,10000000,10000000,20000000,17500000
31,"Sep 17, 2004",Sky Captain and the World of Tomorrow,70000000,37760080,49730854,87490934,17490934
95,"Aug 4, 2006","Bon Cop, Bad Cop",8000000,12671300,12740705,25412005,17412005
4,"Nov 9, 2001",Heist,35000000,23483357,28906817,52390174,17390174
54,"Oct 11, 2002",Punch-Drunk Love,25000000,17791031,24591031,42382062,17382062
25,"Jun 28, 2002",Hey Arnold! The Movie,10000000,13684949,13684949,27369898,17369898
99,"May 9, 2008",Speed Racer,120000000,43945766,93394462,137340228,17340228
39,"Apr 1, 2016",Meet the Blacks,900000,9097072,9097072,18194144,17294144
45,"Oct 13, 1989",Halloween 5: The Revenge of Michael Myers,6000000,11642254,11642254,23284508,17284508
93,"May 8, 2009",Next Day Air,3000000,10027047,10172519,20199566,17199566
44,"Oct 26, 2007",Bella,3300000,8093373,12405473,20498846,17198846
12,"Mar 16, 2007",Dead Silence,20000000,16574590,20614661,37189251,17189251
16,"Sep 12, 2014",The Drop,12600000,10724389,19054534,29778923,17178923
88,"Mar 16, 1984",The Ice Pirates,9000000,13075390,13075390,26150780,17150780
4,"May 27, 1998",I Got the Hook-Up!,3500000,10317779,10317779,20635558,17135558
98,"Aug 22, 2003",My Boss's Daughter,14000000,15549702,15549702,31099404,17099404
80,"Apr 2, 1999",The Out-of-Towners,40000000,28544120,28544120,57088240,17088240
72,"Oct 5, 2005",The Squid and the Whale,1500000,7372734,11191423,18564157,17064157
21,"Oct 10, 2003",House of the Dead,7000000,10199354,13860078,24059432,17059432
64,"Aug 3, 2018",The Darkest Minds,34000000,12695691,38361428,51057119,17057119
16,"Dec 14, 1957",A Farewell To Arms,5000000,11000000,11017403,22017403,17017403
17,"Jan 1, 1959",Solomon and Sheba,5000000,11000000,11014961,22014961,17014961
33,"May 13, 2005",Mad Hot Ballroom,500000,8117961,9387581,17505542,17005542
94,"Dec 19, 1961",Judgment at Nuremberg,3000000,10000000,10000000,20000000,17000000
27,"Jan 1, 1970",Beyond the Valley of the Dolls,1000000,9000000,9000000,18000000,17000000
28,"Nov 15, 1956",Love Me Tender,1000000,9000000,9000000,18000000,17000000
13,"Jan 8, 2010",Youth in Revolt,18000000,15285588,19685588,34971176,16971176
35,"Oct 21, 2005",Doom,70000000,28212337,58757178,86969515,16969515
86,"Oct 2, 2009",Whip It,15000000,13077184,18889972,31967156,16967156
21,"Mar 17, 2017",The Belko Experiment,5000000,10166820,11792942,21959762,16959762
57,"Jun 3, 2011",Beginners,3200000,5790894,14314407,20105301,16905301
13,"Sep 5, 2008",Bangkok Dangerous,45000000,15298133,46598133,61896266,16896266
85,"Jun 25, 2004",De-Lovely,15000000,13337299,18524496,31861795,16861795
100,"Apr 12, 1985",Ladyhawke,20000000,18400000,18400000,36800000,16800000
53,"Mar 24, 2017",CHiPS,25000000,18600152,23190292,41790444,16790444
86,"Jun 30, 2017",The House,40000000,25584504,31192425,56776929,16776929
5,"Dec 25, 1992",Hoffa,35000000,23365858,28391473,51757331,16757331
72,"Aug 21, 2015",American Ultra,28000000,14439985,30295028,44735013,16735013
30,"Sep 13, 1985",After Hours,4500000,10609321,10609321,21218642,16718642
10,"Aug 24, 2012",Premium Rush,35000000,20275446,31393201,51668647,16668647
97,"Nov 12, 2004",Kinsey,11000000,10214647,17443529,27658176,16658176
58,"Nov 24, 2006",Kurtlar vadisi - Irak,8300000,0,24906717,24906717,16606717
19,"Jan 29, 1964",Dr. Strangelove,1800000,9164370,9230678,18395048,16595048
32,"Jul 2, 1999",Summer of Sam,22000000,19288130,19288130,38576260,16576260
9,"Nov 21, 2018",Robin Hood,99000000,30824628,84747441,115572069,16572069
2,"Sep 11, 1998",Simon Birch,20000000,18253415,18310591,36564006,16564006
3,"May 2, 2014",Ida,2600000,3827060,15298355,19125415,16525415
37,"Apr 2, 2004",Home on the Range,110000000,50026353,76482461,126508814,16508814
18,"Aug 20, 1982",The Beastmaster,5000000,10751126,10751126,21502252,16502252
69,"Oct 17, 1939",Mr. Smith Goes To Washington,1500000,9000000,9000000,18000000,16500000
1,"Jun 13, 1962",Lolita,2000000,9250000,9250000,18500000,16500000
33,"Oct 19, 2012",The Sessions,1000000,6002451,11495204,17497655,16497655
20,"Oct 22, 2003",In the Cut,12000000,4717455,23693646,28411101,16411101
2,"Aug 30, 1940",Boom Town,2000000,9172000,9172000,18344000,16344000
100,"Oct 25, 1996",Thinner,14000000,15171475,15171475,30342950,16342950
92,"Oct 13, 2000",The Ladies Man,11000000,13592872,13719474,27312346,16312346
19,"Jan 9, 2009",Not Easily Broken,5000000,10572742,10732909,21305651,16305651
31,"Jun 27, 1956",Moby Dick,4500000,10400000,10400000,20800000,16300000
95,"Nov 4, 1998",Belly,3000000,9639390,9639390,19278780,16278780
12,"Jan 14, 2005",Elektra,65000000,24409722,56824633,81234355,16234355
4,"Jan 31, 2003",The Guru,11000000,3051221,24150550,27201771,16201771
100,"Nov 14, 2001",The Wash,4000000,10097096,10097096,20194192,16194192
21,"Jun 6, 2003",Mambo Italiano,5500000,9282750,12399772,21682522,16182522
40,"Apr 27, 2012",Hodejegerne,5250000,1200010,20188740,21388750,16138750
1,"Jan 23, 2015",Mommy,4900000,3498695,17536004,21034699,16134699
1,"Aug 21, 1998",Dead Man on Campus,14000000,15064948,15064948,30129896,16129896
93,"Mar 30, 2001",Tomcats,11000000,13558739,13558739,27117478,16117478
75,"May 3, 1945",The Valley of Decision,2160000,9132000,9132000,18264000,16104000
76,"Sep 17, 2010",Incendies,6800000,6857096,16038343,22895439,16095439
4,"Apr 26, 2002",Jason X,14000000,13121555,16951798,30073353,16073353
30,"Nov 29, 2002",Rabbit-Proof Fence,7000000,6199600,16866928,23066528,16066528
98,"Aug 6, 1997",Def Jam's How To Be a Player,12000000,14010363,14010363,28020726,16020726
3,"Oct 21, 1983",The Right Stuff,27000000,21500000,21500000,43000000,16000000
20,"May 9, 2014",Momsâ Night Out,5000000,10429707,10537341,20967048,15967048
8,"Feb 20, 2009",Fired Up,20000000,17231291,18608570,35839861,15839861
98,"Aug 8, 2001",The Deep End,3000000,8823109,9981635,18804744,15804744
20,"Jan 1, 1973",Battle for the Planet of the Apes,1800000,8800000,8800000,17600000,15800000
15,"Dec 24, 1916","20,000 Leagues Under the Sea",200000,8000000,8000000,16000000,15800000
81,"Oct 16, 2015",Woodlawn,13000000,14394097,14403703,28797800,15797800
9,"Apr 30, 2004",Laws of Attraction,32000000,17848322,29948322,47796644,15796644
89,"May 14, 2004",Breakin' All the Rules,9000000,12232382,12512317,24744699,15744699
32,"Feb 3, 2017",I Am Not Your Negro,1000000,7123919,9617402,16741321,15741321
4,"Jul 20, 1984",Die Unendliche Geschichte,27000000,21300000,21392049,42692049,15692049
10,"Feb 6, 2004",Catch That Kid,18000000,16703799,16959614,33663413,15663413
7,"Dec 16, 2011",Carnage,25000000,2546747,38112154,40658901,15658901
1,"Mar 1, 2000",3 Strikes,4000000,9821335,9821335,19642670,15642670
60,"Feb 24, 2006",Doogal,20000000,7578946,28058652,35637598,15637598
94,"Dec 11, 1998",A Simple Plan,17000000,16316273,16316273,32632546,15632546
78,"Nov 13, 2015",The 33,25000000,12227722,28400715,40628437,15628437
4,"Sep 29, 2006",School for Scoundrels,20000000,17807569,17807569,35615138,15615138
4,"Apr 21, 2017",Unforgettable,12000000,11368012,16221211,27589223,15589223
72,"May 18, 2001",Angel Eyes,38000000,24044532,29544532,53589064,15589064
63,"Jun 4, 2010",Splice,30000000,17010170,28542494,45552664,15552664
33,"May 17, 2013",Jagten,3450000,687185,18309793,18996978,15546978
7,"Dec 23, 2005",CachÃ©,8000000,3647381,19891331,23538712,15538712
77,"Dec 21, 2012",Cirque du Soleil: Worlds Away,25000000,12512862,28012862,40525724,15525724
26,"Apr 2, 1982",Cat People,12500000,7000000,21000000,28000000,15500000
29,"Oct 8, 2008",RocknRolla,18000000,5700626,27794339,33494965,15494965
62,"Nov 11, 2011",Melancholia,9400000,3030848,21817298,24848146,15448146
3,"Nov 26, 2003",The Cooler,4000000,8291572,11131455,19423027,15423027
54,"Mar 3, 2000",Drowning Mona,16000000,15427192,15980376,31407568,15407568
82,"Aug 23, 1996",The Island of Dr. Moreau,40000000,27682712,27682712,55365424,15365424
81,"Feb 1, 2019",Miss Bala,15000000,14998027,15362298,30360325,15360325
57,"Apr 4, 2008",The Ruins,25000000,17432844,22910563,40343407,15343407
74,"Feb 27, 2004",Twisted,50000000,25195050,40119848,65314898,15314898
80,"May 11, 1984",Firestarter,15000000,15136870,15136870,30273740,15273740
88,"Jul 24, 1952",High Noon,730000,8000000,8000000,16000000,15270000
87,"Apr 27, 2001",Driven,72000000,32616869,54616869,87233738,15233738
41,"Nov 14, 2003",Tupac Resurrection,300000,7718961,7808524,15527485,15227485
8,"Dec 29, 2010",Another Year,8000000,3205706,20005613,23211319,15211319
11,"Oct 6, 2017",The Florida Project,2000000,5904366,11295324,17199690,15199690
1,"Jul 31, 2009",The Collector,3000000,7712114,10473836,18185950,15185950
2,"Nov 21, 1997",Midnight in the Garden of Good and Evil,35000000,25078937,25078937,50157874,15157874
18,"Dec 19, 2014",Mr. Turner,14000000,3958546,25187026,29145572,15145572
27,"Mar 14, 1997",Love Jones,10000000,12554569,12554569,25109138,15109138
45,"Mar 27, 2015",While We're Young,10000000,7582065,17503828,25085893,15085893
14,"Jul 25, 2014",And So It Goes,18000000,15160801,17920013,33080814,15080814
12,"Dec 25, 2013",47 Ronin,175000000,38362475,151716815,190079290,15079290
10,"Oct 12, 2018",Bad Times at the El Royale,32000000,17839115,29204379,47043494,15043494
7,"Oct 1, 2010",Case 39,27000000,13261851,28773827,42035678,15035678
96,"May 12, 1999",Trippinâ,3000000,9017070,9017070,18034140,15034140
97,"Aug 26, 1948",Red River,3000000,9012000,9012000,18024000,15024000
13,"Jul 2, 2004",Before Sunset,2000000,5792822,11217346,17010168,15010168
34,"Jul 8, 2005",Dark Water,60000000,25473093,49473093,74946186,14946186
40,"Oct 20, 2017",The Snowman,35000000,6670765,43226146,49896911,14896911
73,"Mar 13, 2002",Kissing Jessica Stein,1500000,7025722,9345061,16370783,14870783
28,"Jun 6, 2008",Mongol,18000000,5705761,27147349,32853110,14853110
22,"Mar 11, 2016",The Perfect Match,5000000,9669521,10182050,19851571,14851571
34,"Sep 2, 2016",The Light Between Oceans,20000000,12545979,22281732,34827711,14827711
61,"Dec 20, 2002",Narc,7500000,10465659,11843260,22308919,14808919
2,"May 14, 1999",Tea with Mussolini,14000000,14395874,14395874,28791748,14791748
34,"Oct 3, 2003",The Station Agent,500000,5801558,9470209,15271767,14771767
42,"Feb 28, 2014",The Lunchbox,1700000,4231500,12231500,16463000,14763000
12,"Nov 30, 2007",Le Scaphandre et le Papillon,14000000,5990075,22754472,28744547,14744547
65,"Apr 4, 2008",Leatherheads,58000000,31373938,41348628,72722566,14722566
1,"Dec 11, 2015",In the Heart of the Sea,100000000,25020758,89693309,114714067,14714067
28,"Apr 20, 2007",In the Land of Women,10500000,11052958,14140402,25193360,14693360
5,"Feb 27, 1998",Dark City,27000000,14435076,27257061,41692137,14692137
75,"Sep 9, 2011",Kevin Hart: Laugh at My Pain,750000,7706436,7712436,15418872,14668872
5,"Aug 4, 2006",The Night Listener,4000000,7836393,10770993,18607386,14607386
20,"Oct 11, 1985",Silver Bullet,7000000,10803211,10803211,21606422,14606422
30,"Dec 14, 1949",Sands of Iwo Jima,1000000,7800000,7800000,15600000,14600000
62,"Oct 21, 2005",Shopgirl,7500000,10284523,11758418,22042941,14542941
38,"Nov 10, 2006",A Good Year,35000000,7459300,42064105,49523405,14523405
75,"Mar 12, 1999",The Rage: Carrie 2,21000000,17760244,17760244,35520488,14520488
8,"Dec 31, 2012",Zambezia,20000000,0,34454336,34454336,14454336
12,"Nov 16, 2012",Le prÃ©nom,11000000,61611,25307405,25369016,14369016
16,"May 23, 1973",Pat Garrett and Billy the Kid,4638783,8000000,11000000,19000000,14361217
95,"Mar 24, 2006",Larry the Cable Guy: Health Inspector,17000000,15680099,15680099,31360198,14360198
67,"Mar 3, 2000",The Next Best Thing,25000000,14983572,24355762,39339334,14339334
9,"Oct 11, 2002",The Rules of Attraction,4000000,6525762,11799060,18324822,14324822
47,"Oct 3, 1980",Somewhere in Time,5100000,9709597,9709597,19419194,14319194
84,"Nov 12, 1999",Anywhere But Here,23000000,18653615,18653615,37307230,14307230
79,"Feb 13, 1998",Sphere,73000000,37068294,50168294,87236588,14236588
21,"Sep 18, 1951",A Streetcar Named Desire,1800000,8000000,8000000,16000000,14200000
27,"Dec 25, 2008",Waltz with Bashir,2000000,2283849,13912289,16196138,14196138
61,"Dec 20, 1946",Itâs a Wonderful Life,3180000,6600000,10768908,17368908,14188908
60,"Sep 4, 2009",Extract,7500000,10823158,10849158,21672316,14172316
57,"Sep 23, 2016",The Dressmaker,11900000,2022115,24041617,26063732,14163732
83,"Sep 7, 2001",The Musketeer,40000000,27053815,27053815,54107630,14107630
47,"Aug 8, 1986",She's Gotta Have It,175000,7137502,7137502,14275004,14100004
70,"Dec 30, 1925",Ben-Hur: A Tale of the Christ,3900000,9000000,9000000,18000000,14100000
24,"May 28, 2004",Saved!,5000000,8886160,10206551,19092711,14092711
24,"May 18, 2012",Polisse,8900000,176988,22744132,22921120,14021120
63,"Apr 18, 1986",Legend,25000000,15502112,23506237,39008349,14008349
35,"Apr 3, 1998",The Spanish Prisoner,10000000,10162034,13835130,23997164,13997164
10,"Jul 26, 2002",The Country Bears,20000000,16988996,16988996,33977992,13977992
38,"Sep 20, 2013",Feichang Xingyun,8000000,0,21970000,21970000,13970000
21,"Dec 8, 2000",Dungeons and Dragons,35000000,15185241,33771965,48957206,13957206
82,"Jan 1, 1977",Eraserhead,100000,7000000,7014590,14014590,13914590
8,"Apr 28, 2006",Water,3000000,5529144,11322573,16851717,13851717
3,"Mar 22, 2013",The Sapphires,9000000,2450867,20395040,22845907,13845907
99,"Oct 30, 1998",Living Out Loud,12000000,12905901,12905901,25811802,13811802
94,"Oct 22, 1999",Bats,6500000,10155691,10155691,20311382,13811382
57,"Sep 22, 2006",La science des rÃªves,6000000,4670644,15137932,19808576,13808576
9,"Oct 23, 2009",Cirque du Freak: The Vampire's Assistant,40000000,14046595,39753957,53800552,13800552
55,"Feb 1, 2008",Sukkar banat,1600000,1060591,14253760,15314351,13714351
19,"Jul 21, 2000",Loser,20000000,15464026,18250106,33714132,13714132
99,"Dec 4, 2015",Youth,13000000,2703296,24001573,26704869,13704869
16,"Feb 12, 1999",My Favorite Martian,60000000,36850101,36850101,73700202,13700202
29,"Jan 20, 2006",End of the Spear,10000000,11748661,11924041,23672702,13672702
84,"Oct 11, 1996",Michael Collins,25000000,11092559,27572844,38665403,13665403
48,"Sep 17, 2004",Mr. 3000,30000000,21800302,21827296,43627598,13627598
59,"Dec 8, 2006",Unaccompanied Minors,25000000,16655224,21970831,38626055,13626055
3,"Jun 22, 1977","New York, New York",14000000,13800000,13800000,27600000,13600000
3,"Nov 11, 1947",Gentleman's Agreement,2000000,7800000,7800000,15600000,13600000
55,"Jan 30, 1987",Radio Days,16000000,14792779,14792779,29585558,13585558
56,"Dec 22, 2017",Father Figures,25000000,17501244,21038441,38539685,13539685
73,"Apr 29, 2011",JÃ»san-nin no shikaku,6000000,802778,18727440,19530218,13530218
83,"Apr 20, 2001",Freddy Got Fingered,15000000,14249005,14249005,28498010,13498010
21,"Sep 23, 2009",Capitalism: A Love Story,20000000,14363397,19121531,33484928,13484928
55,"Feb 20, 2004",Eurotrip,25000000,17718223,20718223,38436446,13436446
6,"Mar 4, 2016",Whiskey Tango Foxtrot,35000000,23083334,25350747,48434081,13434081
4,"Jun 22, 2007",A Mighty Heart,15000000,9176787,19153568,28330355,13330355
48,"Apr 27, 2012",Bernie,6000000,9204489,10106975,19311464,13311464
67,"Dec 20, 1989",Roger & Me,140000,6706368,6706368,13412736,13272736
29,"Jun 4, 1999",Instinct,55000000,34105207,34105207,68210414,13210414
4,"Sep 25, 1961",The Hustler,2000000,7600000,7600000,15200000,13200000
16,"Sep 20, 2002",The Four Feathers,35000000,18306166,29882645,48188811,13188811
15,"Jul 10, 2009","I Love You, Beth Cooper",18000000,14800725,16382538,31183263,13183263
45,"Sep 17, 2009",Bright Star,8500000,4444637,17220091,21664728,13164728
49,"Dec 15, 2000",Pollock,6000000,8596914,10557291,19154205,13154205
31,"Oct 20, 2000",The Legend of Drunken Master,10000000,11546543,11546543,23093086,13093086
97,"Apr 4, 2008",My Blueberry Nights,10000000,866778,22198996,23065774,13065774
5,"Mar 20, 1998",Primary Colors,65000000,39017984,39017984,78035968,13035968
32,"Feb 19, 1999",Office Space,10000000,10827813,12179708,23007521,13007521
14,"Oct 8, 2001",Mulholland Drive,15000000,7219578,20785973,28005551,13005551
23,"Jul 30, 2010",Get Low,7000000,9176933,10828305,20005238,13005238
17,"Jan 17, 2003",A Guy Thing,20000000,15543862,17430594,32974456,12974456
13,"Jul 9, 2010",[Rec] 2,5600000,27766,18527766,18555532,12955532
80,"Sep 30, 2011",Dream House,50000000,21302340,41642166,62944506,12944506
96,"Oct 30, 2009",The Boondock Saints 2: All Saints Day,8000000,10273187,10629320,20902507,12902507
97,"Apr 29, 2011",Prom,8000000,10130219,10763183,20893402,12893402
76,"Aug 1, 2008",Swing Vote,21000000,16289867,17589867,33879734,12879734
74,"Sep 9, 2011",Warrior,25000000,13657115,24215385,37872500,12872500
43,"Jul 26, 2000",Thomas and the Magic Railroad,19000000,15911332,15911332,31822664,12822664
66,"Jun 13, 2001",Sexy Beast,4300000,6946056,10158355,17104411,12804411
62,"Jul 3, 1951",Strangers on a Train,1200000,7000000,7000000,14000000,12800000
63,"Oct 3, 1955",The Trouble with Harry,1200000,7000000,7000000,14000000,12800000
55,"Apr 22, 1962",The Man Who Shot Liberty Valance,3200000,8000000,8000000,16000000,12800000
100,"Nov 20, 1987",Teen Wolf Too,3000000,7888000,7888000,15776000,12776000
4,"Apr 24, 2015",The Water Diviner,22500000,4200117,31054727,35254844,12754844
52,"Sep 2, 2011",Shark Night 3D,25000000,18877153,18877153,37754306,12754306
31,"Aug 20, 2010",Mao's Last Dancer,18000000,4806750,25941437,30748187,12748187
5,"Dec 31, 1986",Witchboard,2000000,7369373,7369373,14738746,12738746
25,"Nov 12, 2004",Seed of Chucky,29000000,17016190,24716190,41732380,12732380
10,"Aug 15, 2003",American Splendor,2000000,6003587,8685632,14689219,12689219
24,"Dec 19, 2003",House of Sand and Fog,16500000,13005485,16157923,29163408,12663408
65,"Apr 9, 2004",The Whole Ten Yards,30000000,16323969,26323969,42647938,12647938
77,"Apr 12, 2019",Hellboy,50000000,21903748,40725492,62629240,12629240
50,"Jan 12, 2018",Proud Mary,30000000,20868638,21709539,42578177,12578177
37,"Oct 19, 2001",Riding in Cars with Boys,47000000,29781453,29781453,59562906,12562906
82,"Sep 4, 2009",Gamer,50000000,20534907,42002029,62536936,12536936
74,"Oct 31, 1945",Spellbound,1500000,7000000,7000000,14000000,12500000
6,"Jan 1, 1980",Terror Train,3500000,8000000,8000000,16000000,12500000
83,"Nov 21, 2006",The History Boys,3700000,2730296,13447998,16178294,12478294
58,"May 28, 2004",Soul Plane,16000000,13922211,14553807,28476018,12476018
7,"Jun 26, 1998",Smoke Signals,2000000,6719300,7756617,14475917,12475917
4,"Feb 1, 1961",The Misfits,4000000,8200000,8200000,16400000,12400000
14,"May 17, 2013",Frances Ha,3000000,4067398,11262769,15330167,12330167
16,"Sep 3, 2004",Paparazzi,20000000,15712072,16612072,32324144,12324144
94,"Nov 25, 2009",The Road,25000000,8114270,29206732,37321002,12321002
96,"Mar 23, 2012",Serbuan maut,1100000,4105123,9297407,13402530,12302530
40,"Jan 25, 2008","4 luni, 3 saptamani si 2 zile",900000,1196321,11993156,13189477,12289477
43,"Jul 18, 2003",Dirty Pretty Things,10000000,8112414,14156753,22269167,12269167
85,"Sep 1, 2004",Vanity Fair,23000000,16123851,19123851,35247702,12247702
77,"May 17, 1950",Annie Get Your Gun,3768785,8000000,8000000,16000000,12231215
56,"Jul 18, 2003",How to Deal,16000000,14108518,14108518,28217036,12217036
10,"Jan 15, 1988",Return of the Living Dead Part II,6200000,9205924,9205924,18411848,12211848
51,"Aug 6, 2004",Little Black Book,30000000,20422207,21758371,42180578,12180578
68,"Aug 26, 2005",The Cave,30000000,15007991,27147991,42155982,12155982
100,"Jun 5, 2009",My Life in Ruins,17000000,8677425,20477425,29154850,12154850
83,"Apr 19, 2002",Nueve Reinas,1500000,1222889,12412889,13635778,12135778
15,"Aug 20, 2003",Thirteen,2000000,4601043,9505996,14107039,12107039
22,"Sep 10, 1993",True Romance,12500000,12281000,12309980,24590980,12090980
52,"Dec 31, 2013",Metegol,22000000,0,34061097,34061097,12061097
2,"Dec 3, 2010","I Love You, Phillip Morris",13000000,2037459,23014027,25051486,12051486
5,"May 13, 1994",Crooklyn,14000000,13024170,13024170,26048340,12048340
22,"Mar 3, 2000",Ghost Dog: The Way of the Samurai,2000000,3330230,10672492,14002722,12002722
57,"Oct 21, 2005",North Country,30000000,18324242,23676771,42001013,12001013
96,"Nov 27, 2002",Wes Craven Presents: They,17000000,12840842,16140842,28981684,11981684
35,"Aug 14, 1998",The Avengers,60000000,23385416,48585416,71970832,11970832
20,"Nov 23, 2012",De rouille et dâos,19500000,2061449,29393634,31455083,11955083
36,"Sep 15, 2006",The Black Dahlia,60000000,22672813,49238525,71911338,11911338
69,"Nov 16, 1942",Cat People,134000,4000000,8000000,12000000,11866000
11,"Apr 10, 1952",Singin' in the Rain,2540000,7200000,7200000,14400000,11860000
67,"Dec 31, 2011",Red Dog,9100000,0,20927794,20927794,11827794
4,"Oct 4, 1996",The Glimmer Man,45000000,20404841,36404841,56809682,11809682
42,"Dec 22, 2010",Somewhere,7000000,1785645,17023121,18808766,11808766
22,"Aug 3, 1968",Hang 'em High,1800000,6800000,6800000,13600000,11800000
6,"Mar 16, 2007",I Think I Love My Wife,14000000,12559771,13205411,25765182,11765182
20,"Aug 28, 2015",We Are Your Friends,2000000,3591417,10153415,13744832,11744832
84,"Jun 21, 2002",Juwanna Mann,15600000,13571817,13771817,27343634,11743634
59,"Dec 9, 1988",My Stepmother Is an Alien,16000000,13854000,13854000,27708000,11708000
92,"Nov 4, 2016",Loving,9000000,7710234,12898064,20608298,11608298
2,"Jul 8, 1988",Phantasm II,3000000,7282851,7282851,14565702,11565702
19,"Jun 17, 2005",Me and You and Everyone We Know,2000000,3885134,9615464,13500598,11500598
3,"Oct 27, 2017",Let There Be Light,3000000,7233471,7241309,14474780,11474780
35,"May 12, 2017",Lowriders,916000,6179955,6188421,12368376,11452376
24,"Feb 24, 2006",Tsotsi,3000000,2912606,11537539,14450145,11450145
28,"Apr 1, 2011",Haevnen,5500000,1008098,15867314,16875412,11375412
4,"Apr 7, 2006",Phat Girlz,3000000,7061128,7301115,14362243,11362243
11,"Aug 22, 1986",The Texas Chainsaw Massacre 2,4700000,8025872,8025872,16051744,11351744
49,"Dec 1, 2006",Turistas,10000000,7027762,14321070,21348832,11348832
91,"Nov 8, 1989",Henry V,9000000,10161099,10176701,20337800,11337800
8,"May 25, 2007",Bug,4000000,7006708,8302995,15309703,11309703
22,"Aug 2, 2013",The Spectacular Now,2500000,6852971,6916951,13769922,11269922
87,"Jan 11, 2008",The Pirates Who Don't Do Anything: A VeggieTales Movie,15000000,12981269,13248444,26229713,11229713
33,"Jul 23, 1999",Drop Dead Gorgeous,10000000,10571408,10571408,21142816,11142816
7,"Feb 20, 2015",Hot Tub Time Machine 2,14000000,12314651,12826644,25141295,11141295
6,"Feb 3, 1995",The Jerky Boys,4000000,7555256,7555256,15110512,11110512
32,"May 2, 2008",Son of Rambow: A Home Movie,2000000,1785505,11263263,13048768,11048768
26,"Mar 11, 1976",Robin and Marian,5000000,8000000,8000000,16000000,11000000
64,"Dec 29, 1967","Il buono, il brutto, il cattivo",1200000,6100000,6100000,12200000,11000000
18,"Feb 15, 1965",The Greatest Story Ever Told,20000000,15473333,15473333,30946666,10946666
16,"Oct 18, 1996",Swingers,200000,4505922,6618578,11124500,10924500
62,"Dec 22, 2017",Downsizing,68000000,24449754,54462971,78912725,10912725
49,"Mar 4, 2016",The Other Side of the Door,5000000,3000342,12905107,15905449,10905449
75,"Jul 19, 2002",K-19: The Widowmaker,90000000,35168966,65716126,100885092,10885092
7,"Apr 9, 2004",Ella Enchanted,35000000,22913677,22913677,45827354,10827354
39,"Oct 1, 2004",I Heart Huckabees,22000000,12784713,20034713,32819426,10819426
86,"Sep 30, 2005",Into the Blue,50000000,18782227,41982227,60764454,10764454
5,"Oct 1, 2004",Woman Thou Art Loosed,3000000,6879730,6879730,13759460,10759460
15,"Feb 25, 2000",Reindeer Games,36000000,23360779,23360779,46721558,10721558
6,"Mar 22, 2002",Sorority Boys,12000000,10198766,12516222,22714988,10714988
47,"Mar 21, 1940",Rebecca,1288000,6000000,6002370,12002370,10714370
37,"Jun 12, 2009",Moon,5000000,5010163,10676073,15686236,10686236
50,"Aug 20, 1982",Class of 1984,3250000,6965361,6965361,13930722,10680722
25,"Jan 10, 1991",Warlock,7000000,8824553,8824553,17649106,10649106
6,"Oct 18, 2002",Real Women Have Curves,3000000,5853194,7777790,13630984,10630984
89,"Sep 1, 2000",Highlander: Endgame,15000000,12801190,12801190,25602380,10602380
40,"Oct 19, 2018",Can You Ever Forgive Me?,10000000,8803865,11752387,20556252,10556252
27,"Jun 18, 2010",Cyrus,7000000,7468936,10062896,17531832,10531832
97,"Jun 12, 1963",Donovan's Reef,2686000,6600000,6600000,13200000,10514000
51,"Apr 9, 1999",Foolish,1600000,6026908,6026908,12053816,10453816
34,"Apr 5, 2019",The Best of Enemies,10000000,10205616,10205616,20411232,10411232
34,"Jun 20, 2008",The Love Guru,62000000,32235793,40159017,72394810,10394810
25,"Apr 24, 2009",The Soloist,60000000,31853584,38522450,70376034,10376034
83,"Mar 1, 1987",Hollywood Shuffle,100000,5228617,5228617,10457234,10357234
33,"Apr 11, 2014",The Railway Man,18000000,4438438,23910210,28348648,10348648
91,"Aug 25, 2006",Idlewild,15000000,12669914,12669914,25339828,10339828
23,"Sep 29, 1991",My Own Private Idaho,2500000,6401336,6401336,12802672,10302672
76,"Apr 13, 2007",Aqua Teen Hunger Force Colon Movie Film for Theaters,750000,5520368,5520368,11040736,10290736
99,"Oct 8, 2004",Raise Your Voice,15000000,10411980,14811980,25223960,10223960
32,"Sep 26, 2003",My Life Without Me,2500000,432360,12267275,12699635,10199635
33,"Feb 18, 1983",Lovesick,10100000,10143618,10143618,20287236,10187236
58,"Sep 16, 2011",I Don't Know How She Does It,24000000,9659074,24474463,34133537,10133537
62,"Jun 18, 2010",Io sono lâamore,10000000,5005465,15121528,20126993,10126993
17,"Oct 8, 2010",Inside Job,2000000,4311834,7799257,12111091,10111091
20,"Mar 6, 1998",Twilight,20000000,15055091,15055091,30110182,10110182
95,"Sep 8, 2000",The Way of the Gun,9000000,6047856,13061935,19109791,10109791
9,"Oct 10, 2014",Meet the Mormons,2000000,6047363,6049171,12096534,10096534
36,"Sep 12, 2014",The Skeleton Twins,1000000,5284309,5797192,11081501,10081501
36,"Jun 11, 1999",Le Violon rouge,10000000,10019109,10019109,20038218,10038218
35,"Sep 7, 2012",Bachelorette,3000000,446770,12577401,13024171,10024171
26,"Apr 27, 1984",Love Letters,550000,5269990,5269990,10539980,9989980
55,"Jan 23, 2004",Win a Date with Tad Hamilton!,24000000,16980098,16980098,33960196,9960196
41,"Dec 30, 2009",Das Weisse Band: Eine deutsche Kindergeschichte,18000000,2222862,25727044,27949906,9949906
27,"Nov 3, 2000",The Legend of Bagger Vance,60000000,30695227,39235486,69930713,9930713
98,"Dec 14, 1984",Dune,45000000,27447471,27447471,54894942,9894942
15,"Sep 21, 2012",Dredd,45000000,13414714,41467606,54882320,9882320
36,"Oct 24, 2008",LÃ¥t den rÃ¤tte komma in,4500000,2122085,12247682,14369767,9869767
37,"Jun 14, 2013",20 Feet From Stardom,1000000,4946250,5892466,10838716,9838716
34,"Apr 30, 2010",Housefull,10100000,1183658,18726300,19909958,9809958
62,"Nov 15, 2002",Half Past Dead,25000000,15567860,19233280,34801140,9801140
12,"Jun 13, 1953","The Beast from 20,000 Fathoms",210000,5000000,5000000,10000000,9790000
94,"Apr 16, 2003",Chasing Papi,9000000,6126237,12657377,18783614,9783614
45,"Dec 18, 2015",Saul fia,1700000,1777043,9696537,11473580,9773580
68,"Dec 31, 2010",Mine Vaganti,9100000,0,18872126,18872126,9772126
35,"Mar 23, 2012",October Baby,1000000,5355847,5391992,10747839,9747839
26,"Aug 12, 1988",The Last Temptation of Christ,7000000,8373585,8373585,16747170,9747170
12,"Aug 25, 2017",All Saints,2000000,5802208,5941994,11744202,9744202
98,"Apr 22, 1994",The Inkwell,8000000,8864699,8864699,17729398,9729398
75,"Nov 12, 2004",After the Sunset,57000000,28328132,38329114,66657246,9657246
66,"May 21, 2010",Kites,9200000,1685269,17155193,18840462,9640462
23,"Nov 15, 2002",El crimen de padre Amaro,1800000,5719000,5719000,11438000,9638000
48,"Apr 6, 2007",Zwartboek,22000000,4398532,27238354,31636886,9636886
19,"Jan 31, 2014",Labor Day,18000000,13371528,14189810,27561338,9561338
37,"Mar 27, 2009",12 Rounds,20000000,12234694,17306648,29541342,9541342
16,"Jul 24, 1981",Blow Out,18000000,13747234,13747234,27494468,9494468
22,"Jul 20, 2001",Ghost World,5500000,6217849,8761608,14979457,9479457
55,"Apr 21, 2000",The Virgin Suicides,6000000,4859475,10619770,15479245,9479245
12,"Dec 7, 2012",Khiladi 786,5600000,385422,14683763,15069185,9469185
31,"Nov 18, 2016",A Street Cat Named Bob,8000000,82703,17382693,17465396,9465396
13,"Sep 20, 2002",Secretary,4000000,4046737,9413956,13460693,9460693
3,"May 29, 2015",Aloha,37000000,21052030,25387091,46439121,9439121
35,"Jun 13, 1980",The Island,22000000,15716828,15716828,31433656,9433656
92,"Apr 25, 2003",Confidence,15000000,12212417,12212417,24424834,9424834
14,"Feb 25, 2005",Cursed,35000000,19294901,25114901,44409802,9409802
7,"Nov 6, 1998",Gods and Monsters,3500000,6451628,6451628,12903256,9403256
89,"Jun 25, 2004",Two Brothers,72000000,19176754,62176754,81353508,9353508
73,"Dec 21, 2001",Joe Somebody,38000000,22770864,24515990,47286854,9286854
78,"Sep 11, 1998",Cube,250000,489220,8969065,9458285,9208285
27,"Dec 22, 1978",Force 10 from Navarone,5000000,7100000,7100000,14200000,9200000
52,"Jul 26, 1949",She Wore a Yellow Ribbon,1600000,5400000,5400000,10800000,9200000
20,"May 22, 2009",Easy Virtue,14000000,2656784,20537741,23194525,9194525
89,"Oct 19, 2007",Rendition,27500000,9736045,26939925,36675970,9175970
39,"Dec 2, 2016",Incarnate,5000000,4799774,9371036,14170810,9170810
84,"Feb 23, 2007",The Astronaut Farmer,13000000,11003643,11141213,22144856,9144856
78,"Sep 7, 2012",The Cold Light of Day,20000000,3763583,25361206,29124789,9124789
12,"Dec 20, 2013",Le passÃ©,8000000,1335672,15752575,17088247,9088247
93,"Oct 11, 2002",Knockaround Guys,15000000,11660180,12419700,24079880,9079880
60,"Jun 29, 2012",People Like Us,16000000,12431792,12617472,25049264,9049264
25,"Sep 21, 2007",Sydney White,16500000,11892415,13636339,25528754,9028754
74,"Sep 24, 1993",Dazed and Confused,6900000,7950889,7950889,15901778,9001778
1,"Feb 26, 2010",Un ProphÃ¨te,13000000,2087720,19910624,21998344,8998344
53,"Oct 16, 1996",Get on the Bus,2400000,5691854,5691854,11383708,8983708
37,"Aug 22, 2012",Hit & Run,22000000,13749300,17216955,30966255,8966255
24,"Sep 30, 1992",Glengarry Glen Ross,12500000,10725228,10725228,21450456,8950456
88,"Feb 24, 2012",Wanderlust,32500000,17288155,24159934,41448089,8948089
71,"Apr 5, 2013",Trance,16000000,2322593,22594052,24916645,8916645
96,"Dec 29, 2006",Miss Potter,30000000,3005605,35891257,38896862,8896862
72,"Dec 25, 2005",The New World,30000000,12712093,26184400,38896493,8896493
48,"Jun 22, 2012",Seeking a Friend for the End of the World,10000000,7078738,11766959,18845697,8845697
52,"Mar 19, 2010",City Island,6000000,6671283,8173486,14844769,8844769
38,"Jul 9, 2004",Sleepover,10000000,9408183,9408183,18816366,8816366
75,"Dec 10, 2004",The Life Aquatic with Steve Zissou,50000000,24006726,34806726,58813452,8813452
18,"May 22, 1981",The Legend of the Lone Ranger,18000000,13400000,13400000,26800000,8800000
14,"Nov 19, 2010",Made in Dagenham,8000000,1095369,15644196,16739565,8739565
31,"Aug 5, 2005",2046,12000000,1442338,19287485,20729823,8729823
100,"Sep 14, 2007",Across the Universe,45000000,24343673,29367143,53710816,8710816
85,"Oct 9, 1998",The Mighty,100000,2652246,6121582,8773828,8673828
56,"Jul 14, 1999",Muppets From Space,24000000,16304786,16304786,32609572,8609572
76,"Sep 23, 1994",Exotica,1500000,5046118,5046118,10092236,8592236
29,"Oct 21, 2011",Le Havre,5500000,611709,13480196,14091905,8591905
12,"Nov 5, 2004",Alfie,40000000,13395939,35195939,48591878,8591878
71,"Jun 28, 2002",Lovely and Amazing,250000,4210379,4613482,8823861,8573861
99,"Dec 29, 2000",Shadow of the Vampire,8000000,8279017,8279017,16558034,8558034
51,"Oct 17, 2014",Dear White People,1250000,4404154,5403771,9807925,8557925
8,"Mar 21, 2003",Boat Trip,15000000,8586376,14933713,23520089,8520089
28,"Apr 27, 2001",The Forsaken,5000000,6755271,6755271,13510542,8510542
7,"Aug 28, 1981",Gallipoli,3000000,5732587,5732587,11465174,8465174
24,"Jan 27, 1995",Before Sunrise,2500000,5274005,5690220,10964225,8464225
11,"Feb 8, 2013",ABCD (Any Body Can Dance),1900000,222098,10137234,10359332,8459332
87,"Jul 17, 1987",Jaws 4: The Revenge,23000000,15728335,15728335,31456670,8456670
60,"May 10, 1996",Welcome to the Dollhouse,800000,4198137,5034794,9232931,8432931
9,"Sep 1, 2006",Crossover,5600000,7009668,7009668,14019336,8419336
44,"Nov 8, 1962",Mutiny on The Bounty,19000000,13680000,13680000,27360000,8360000
53,"Mar 16, 2012",Casa de mi Padre,6000000,5909483,8446952,14356435,8356435
9,"Mar 13, 1987",Evil Dead II,3500000,5923044,5926177,11849221,8349221
90,"Jun 3, 1994",Renaissance Man,40000000,24172899,24172899,48345798,8345798
28,"Apr 14, 2006",Hard Candy,950000,1024640,8267066,9291706,8341706
39,"Jul 28, 2017",An Inconvenient Sequel,1000000,3496795,5839322,9336117,8336117
30,"Oct 24, 2003",Elephant,3000000,1266955,10051516,11318471,8318471
94,"Sep 14, 2007",In the Valley of Elah,23000000,6777741,24489150,31266891,8266891
93,"Nov 28, 2007",The Savages,9000000,6623082,10642023,17265105,8265105
50,"Nov 11, 2016",Shut In,10000000,6900335,11360665,18261000,8261000
54,"Jun 30, 2015",Viy,26000000,0,34246770,34246770,8246770
45,"Nov 7, 2009",Nanjing! Nanjing!,12000000,122558,20122558,20245116,8245116
94,"Aug 27, 1999",The Muse,15000000,11614954,11614954,23229908,8229908
62,"Jan 28, 2014",Snezhnaya koroleva,7000000,0,15193977,15193977,8193977
7,"Oct 13, 2017",Marshall,12000000,10051659,10116816,20168475,8168475
43,"Oct 18, 2013",All is Lost,8500000,6263670,10386814,16650484,8150484
50,"Aug 31, 1984",C.H.U.D.,1250000,4700000,4700000,9400000,8150000
38,"Jun 12, 2009","Food, Inc.",1000000,4417674,4731944,9149618,8149618
28,"Sep 1, 1999",Outside Providence,7000000,7309628,7824358,15133986,8133986
28,"Apr 30, 2004",Envy,20000000,13548322,14566246,28114568,8114568
100,"Dec 24, 1943",A Guy Named Joe,2627000,5363000,5363000,10726000,8099000
26,"Aug 23, 2002",Serving Sara,29000000,16930185,20146150,37076335,8076335
54,"Feb 6, 1998",The Replacement Killers,30000000,19035741,19035741,38071482,8071482
9,"May 10, 1975",Monty Python and the Holy Grail,400000,3427696,5028948,8456644,8056644
100,"Jun 12, 2015",Me and Earl and the Dying Girl,8000000,6758416,9266180,16024596,8024596
29,"Sep 21, 2018",Fahrenheit 11/9,5000000,6352306,6653715,13006021,8006021
10,"May 10, 1967",Per qualche dollaro in piÃ¹,600000,4300000,4300000,8600000,8000000
10,"Dec 19, 1969",Topaz,4000000,6000000,6000000,12000000,8000000
35,"Oct 28, 2005",The Weather Man,20000000,12482775,15466961,27949736,7949736
20,"Jan 10, 1997",The Relic,60000000,33956608,33956608,67913216,7913216
28,"Dec 18, 2009",The Young Victoria,35000000,11001272,31878891,42880163,7880163
54,"Dec 28, 2016",Paterson,5000000,2141423,10727536,12868959,7868959
7,"Jul 10, 1998",Pi,68000,3221152,4678513,7899665,7831665
42,"Jan 10, 2014",The Legend of Hercules,70000000,18848538,58953319,77801857,7801857
100,"Mar 7, 1965",The Train,5800000,6800000,6800000,13600000,7800000
83,"Sep 19, 2008",Tropa de Elite,6537890,8744,14319195,14327939,7790049
17,"Aug 20, 2004",Exorcist: The Beginning,78000000,41814863,43957541,85772404,7772404
31,"Aug 6, 2010",The Oxford Murders,10000000,4803,17704131,17708934,7708934
51,"Feb 26, 1999",200 Cigarettes,6000000,6852450,6852450,13704900,7704900
77,"Jun 8, 2012",Safety Not Guaranteed,750000,4010957,4422318,8433275,7683275
32,"Jan 6, 2006",Grandmaâs Boy,5000000,6090172,6590172,12680344,7680344
29,"Jan 1, 1987",American Ninja 2: The Confrontation,350000,4000000,4000000,8000000,7650000
61,"May 28, 1999",The Thirteenth Floor,16000000,11810854,11810854,23621708,7621708
72,"Apr 28, 2017",Sleight,250000,3930990,3934450,7865440,7615440
41,"Oct 26, 1984",Body Double,10000000,8801940,8801940,17603880,7603880
25,"Nov 14, 1997",The Man Who Knew Too Little,20000000,13801755,13801755,27603510,7603510
98,"May 13, 2005",Layer Cake,6500000,2339957,11745931,14085888,7585888
21,"Apr 22, 2016",Compadres,3000000,3127773,7445044,10572817,7572817
21,"Nov 10, 2006",Harsh Times,2000000,3337931,6225304,9563235,7563235
44,"Aug 1, 2008",Frozen River,1000000,2511476,6030129,8541605,7541605
22,"Feb 13, 2009",Two Lovers,12000000,3149034,16349034,19498068,7498068
57,"Dec 15, 2006",IndigÃ¨nes,18900000,320700,26063572,26384272,7484272
98,"May 10, 2013",Peeples,11000000,9177065,9307166,18484231,7484231
69,"Oct 19, 1990",Night of the Living Dead,4200000,5835247,5835247,11670494,7470494
3,"Nov 25, 1998",Babe: Pig in the City,80000000,18319860,69131860,87451720,7451720
90,"Jun 24, 2005",Rize,700000,3278611,4857731,8136342,7436342
42,"Oct 21, 2011",Martha Marcy May Marlene,1000000,2981038,5438911,8419949,7419949
73,"Apr 11, 2003",Better Luck Tomorrow,250000,3802390,3809226,7611616,7361616
8,"Dec 16, 2005",The Producers: The Movie Musical,45000000,19398532,32952995,52351527,7351527
99,"Dec 25, 1993",What's Eating Gilbert Grape,11000000,9170214,9170214,18340428,7340428
6,"Oct 8, 2010",Nowhere Boy,1900000,1445366,7785229,9230595,7330595
30,"Jul 21, 1989",UHF,5000000,6157157,6157157,12314314,7314314
95,"Apr 3, 1998",Barney's Great Adventure,15000000,11156471,11156471,22312942,7312942
4,"May 8, 1987",River's Edge,1900000,4600000,4600000,9200000,7300000
80,"Mar 4, 2011",Akmareul Boatda,6000000,129210,13168809,13298019,7298019
83,"Jun 10, 2005",High Tension,2850000,3681066,6435262,10116328,7266328
41,"Oct 10, 1997",The Sweet Hereafter,5000000,4306697,7951247,12257944,7257944
53,"Apr 7, 1974",The Conversation,1600000,4420000,4420000,8840000,7240000
61,"Apr 1, 1988","Bright Lights, Big City",25000000,16118077,16118077,32236154,7236154
3,"Sep 22, 2000",Woman on Top,8000000,5018450,10192613,15211063,7211063
42,"May 21, 2010",MacGruber,10000000,8525600,8629895,17155495,7155495
41,"Jan 6, 2017",A Monster Calls,43000000,3740823,46414530,50155353,7155353
29,"Oct 13, 2006",One Night with the King,20000000,13395961,13725032,27120993,7120993
35,"Jan 22, 2010",To Save a Life,500000,3777210,3824868,7602078,7102078
78,"Dec 19, 1961",Pocketful of Miracles,2900000,5000000,5000000,10000000,7100000
62,"Jul 19, 1996",Fled,30000000,17192205,19892205,37084410,7084410
62,"Sep 3, 2004",The Cookout,16000000,11540112,11540112,23080224,7080224
10,"Jun 24, 2016",Swiss Army Man,3000000,4210454,5837111,10047565,7047565
44,"Aug 3, 2001",Original Sin,26000000,16521410,16521410,33042820,7042820
85,"Jun 12, 1998",Dirty Work,13000000,10020081,10020081,20040162,7040162
46,"Apr 22, 2011",Dum Maaro Dum,5200000,564489,11633427,12197916,6997916
79,"Sep 16, 2016",Snowden,50000000,21587519,35380918,56968437,6968437
43,"Oct 19, 1994",Clerks,27000,3073428,3894240,6967668,6940668
91,"Aug 11, 2006",Half Nelson,700000,2697938,4911725,7609663,6909663
74,"Oct 28, 2011",Like Crazy,250000,3395391,3728400,7123791,6873791
32,"Jun 26, 1936",San Francisco,1300000,2868000,5273000,8141000,6841000
1,"Apr 21, 2006",American Dreamz,17000000,7314027,16510971,23824998,6824998
36,"Jan 29, 2016",The Finest Hours,70000000,27569558,49252761,76822319,6822319
17,"Jan 18, 1967",Per un pugno di dollari,200000,3500000,3516248,7016248,6816248
40,"Nov 9, 2018",The Girl in the Spiderâs Web,43000000,14828555,34983342,49811897,6811897
9,"Feb 2, 2001",Head Over Heels,14000000,10397365,10397365,20794730,6794730
25,"Feb 1, 1929",The Broadway Melody,379000,2800000,4358000,7158000,6779000
38,"Jan 5, 2007",Happily N'Ever After,47000000,15849032,37923818,53772850,6772850
30,"Oct 21, 1994",Bullets Over Broadway,20000000,13383747,13383747,26767494,6767494
70,"Jul 15, 2011",Snow Flower and the Secret Fan,6000000,1348205,11348205,12696410,6696410
58,"Jul 25, 2007",This is England,2380000,327919,8739576,9067495,6687495
5,"Jul 25, 2008",Man on Wire,1900000,2962242,5617067,8579309,6679309
58,"Apr 22, 2016",The Meddler,3200000,4267219,5526942,9794161,6594161
10,"Oct 26, 2012",Fun Size,14000000,9409538,11166615,20576153,6576153
77,"Oct 14, 2011",The Thing,38000000,16999934,27573078,44573012,6573012
81,"Apr 30, 2010",Harry Brown,7300000,1818681,12023606,13842287,6542287
97,"May 5, 2006",Wu ji,30000000,669625,35869934,36539559,6539559
96,"Mar 1, 1989",New York Stories,15000000,10763469,10763469,21526938,6526938
34,"Oct 6, 2000",Requiem for a Dream,4500000,3635482,7389233,11024715,6524715
36,"Apr 11, 2001",Josie and the Pussycats,22000000,14252830,14252830,28505660,6505660
3,"Feb 21, 2003",Dark Blue,15000000,9237470,12262065,21499535,6499535
68,"Oct 8, 2010",My Soul to Take,25000000,14744435,16727470,31471905,6471905
46,"Aug 31, 2007",Death Sentence,20000000,9534258,16907831,26442089,6442089
41,"Nov 28, 2014",The Babadook,2000000,950792,7482387,8433179,6433179
50,"Sep 1, 1938",You Can't Take It With You,1644000,4000000,4000000,8000000,6356000
95,"Oct 20, 2017",Same Kind of Different as Me,6500000,6423605,6423605,12847210,6347210
98,"Mar 24, 2000",Here on Earth,15000000,10494147,10845127,21339274,6339274
33,"Oct 4, 1996",Bound,4500000,3802260,7011317,10813577,6313577
4,"Mar 27, 1998",Les Couloirs du temps: Les visiteurs 2,20000000,146072,26146072,26292144,6292144
58,"Oct 11, 2013",Machete Kills,20000000,8008161,18273009,26281170,6281170
97,"Oct 1, 1999",The Adventures of Elmo in Grouchland,17000000,11634458,11634458,23268916,6268916
67,"Apr 29, 2016",The Man Who Knew Infinity,10000000,3877922,12382122,16260044,6260044
40,"Sep 2, 2011",Salvando al Soldado Perez,4500000,1400726,9330465,10731191,6231191
65,"Sep 18, 1951",The Day the Earth Stood Still,1200000,3700000,3700000,7400000,6200000
28,"Oct 15, 2010",Conviction,12500000,6797696,11826980,18624676,6124676
77,"Jul 26, 2013",The To Do List,1500000,3491669,4128828,7620497,6120497
100,"Aug 30, 1972",The Last House on the Left,87000,3100000,3100000,6200000,6113000
3,"Oct 10, 2004",Vera Drake,11000000,3753806,13353855,17107661,6107661
68,"Jul 11, 2012",Snabba Cash,4300000,188870,10212403,10401273,6101273
76,"Sep 22, 2017",Battle of the Sexes,25000000,12638526,18445379,31083905,6083905
23,"Oct 21, 2005","Kiss Kiss, Bang Bang",15000000,4235837,16829464,21065301,6065301
54,"Aug 3, 2012",Celeste and Jesse Forever,840000,3103407,3787689,6891096,6051096
21,"Sep 26, 1997",The Ice Storm,18000000,8038061,16011975,24050036,6050036
97,"Nov 25, 1998",Home Fries,15000000,10513979,10513979,21027958,6027958
58,"Jul 19, 2002",Tadpole,150000,2891288,3270128,6161416,6011416
33,"Aug 14, 1998",Slums of Beverly Hills,5000000,5502773,5502773,11005546,6005546
18,"May 24, 1938",Alexander's Ragtime Band,2000000,4000000,4000000,8000000,6000000
21,"Apr 3, 1998",Mercury Rising,60000000,32983332,32983332,65966664,5966664
84,"Sep 17, 1920",Over the Hill to the Poorhouse,100000,3000000,3000000,6000000,5900000
54,"Dec 6, 2013",Khumba,15000000,0,20898221,20898221,5898221
61,"May 22, 1998",Fear and Loathing in Las Vegas,18500000,10680275,13711903,24392178,5892178
95,"Mar 31, 2006",Brick,450000,2075743,4243996,6319739,5869739
40,"Aug 21, 1998",Next Stop Wonderland,1000000,3395581,3465703,6861284,5861284
96,"Mar 7, 2003",Nowhere in Africa,6500000,6173485,6173485,12346970,5846970
9,"Jul 22, 2016",Donât Think Twice,3000000,4417983,4417983,8835966,5835966
43,"Oct 17, 2003",Pieces of April,300000,2528664,3571253,6099917,5799917
65,"Sep 30, 2005",The Greatest Game Ever Played,25000000,15331289,15468266,30799555,5799555
36,"Jun 16, 2006",Wordplay,500000,3121270,3177636,6298906,5798906
35,"Jul 13, 2001",Made,5000000,5308707,5476060,10784767,5784767
26,"Aug 17, 2012",Robot & Frank,2500000,3317468,4934356,8251824,5751824
47,"Aug 1, 1997",In the Company of Men,25000,2883661,2883661,5767322,5742322
52,"Nov 30, 2012",The Collection,10000000,6810754,8890094,15700848,5700848
34,"May 28, 1969",Once Upon a Time in the West,5000000,5321508,5378425,10699933,5699933
47,"Oct 24, 2001",Bones,10000000,7316658,8378853,15695511,5695511
67,"Dec 4, 2009",Paa,4300000,199228,9791282,9990510,5690510
23,"Dec 14, 2001",Iris,5500000,5580479,5580479,11160958,5660958
44,"Mar 14, 2014",Bad Words,10000000,7779614,7843145,15622759,5622759
65,"Jun 13, 2003",Hollywood Homicide,75000000,30207785,50409753,80617538,5617538
51,"Sep 20, 2013",Battle of the Year,20000000,8888355,16723377,25611732,5611732
15,"Apr 30, 2010",Please Give,3000000,4033574,4570178,8603752,5603752
13,"Oct 6, 2006",Little Children,14000000,5463019,14121177,19584196,5584196
62,"Dec 31, 2016",Airlift (2016),4400000,0,9969237,9969237,5569237
8,"Aug 14, 2015",Brothers,13000000,656688,17856688,18513376,5513376
43,"Jan 13, 2012",We Need to Talk About Kevin,7000000,1738692,10765283,12503975,5503975
95,"Dec 31, 2015",Sardaar Ji,2700000,0,8200000,8200000,5500000
26,"Oct 16, 1998",Happiness,3000000,2746453,5746453,8492906,5492906
91,"Mar 31, 2006",Slither,15250000,7802450,12930343,20732793,5482793
98,"Jul 24, 1987",Superman IV: The Quest for Peace,17000000,11227824,11227824,22455648,5455648
41,"Jun 6, 2014",Obvious Child,1000000,3122616,3324070,6446686,5446686
4,"Aug 3, 1990",Metropolitan,430000,2938000,2938000,5876000,5446000
99,"Feb 3, 2012",Big Miracle,40000000,20157300,25268680,45425980,5425980
50,"Oct 29, 2010",Monsters,500000,237301,5639730,5877031,5377031
2,"Mar 2, 2007",Black Snake Moan,15000000,9396870,10951153,20348023,5348023
37,"Nov 22, 2000",Quills,13500000,7060876,11732088,18792964,5292964
12,"Sep 1, 2000",Whipped,3000000,4142507,4142507,8285014,5285014
75,"Jan 18, 1946",The Harvey Girls,2931000,4100000,4100000,8200000,5269000
11,"Nov 17, 2006",Let's Go to Prison,4000000,4630045,4630045,9260090,5260090
43,"Aug 3, 2005",Junebug,1000000,2678010,3553253,6231263,5231263
13,"Feb 28, 1997",Kama Sutra,3000000,4109095,4109095,8218190,5218190
21,"Jun 24, 2011",Le nom des gens,4600000,514237,9261711,9775948,5175948
48,"Sep 22, 2017",Friend Request,9900000,3759078,11310835,15069913,5169913
62,"Dec 21, 2006",Venus,6000000,3347411,7818479,11165890,5165890
8,"Dec 5, 2008",Cadillac Records,12000000,8195551,8942516,17138067,5138067
38,"Oct 27, 2000",The Little Vampire,22000000,13555988,13555988,27111976,5111976
8,"Feb 10, 1995",The Quick and the Dead,32000000,18552460,18552460,37104920,5104920
33,"Dec 31, 2010",The Reef,10000000,0,15037867,15037867,5037867
16,"Jun 30, 1971",Willy Wonka & the Chocolate Factory,3000000,4000000,4000000,8000000,5000000
21,"Nov 20, 2015",Mustang,1400000,845464,5552584,6398048,4998048
1,"Oct 8, 2010",It's Kind of a Funny Story,8000000,6363628,6632950,12996578,4996578
13,"Jan 4, 2013",Promised Land,15000000,7597898,12394562,19992460,4992460
42,"Mar 10, 2000",God's Army,300000,2637726,2652515,5290241,4990241
45,"Nov 21, 2001",Sidewalks of New York,1000000,2402459,3575308,5977767,4977767
94,"Jan 1, 1991",Straight out of Brooklyn,450000,2712293,2712293,5424586,4974586
71,"Aug 13, 2010",Animal Kingdom,4200000,1044039,8078683,9122722,4922722
26,"Dec 31, 2007",Arn - Tempelriddaren,16500000,0,21404122,21404122,4904122
75,"Oct 20, 2017",Only the Brave,38000000,18340051,24555177,42895228,4895228
56,"Aug 29, 2008",College,6000000,4694491,6176114,10870605,4870605
92,"Sep 6, 2002",City by the Sea,40000000,22433915,22433915,44867830,4867830
100,"Dec 18, 1985",Brazil,15000000,9929135,9932146,19861281,4861281
17,"Sep 24, 1993",Warlock: The Armageddon,3000000,3902679,3902679,7805358,4805358
36,"Aug 23, 2002",Undisputed,20000000,12398628,12398628,24797256,4797256
81,"May 13, 1970",The Ballad of Cable Hogue,3716946,3500000,5000000,8500000,4783054
41,"Dec 4, 2013",Out of the Furnace,22000000,11330849,15434375,26765224,4765224
57,"Oct 22, 2004",The Machinist,5000000,1082044,8655397,9737441,4737441
29,"Oct 12, 2007",Lars and the Real Girl,12500000,5956480,11277119,17233599,4733599
93,"Jan 15, 1999",At First Sight,40000000,22365133,22365133,44730266,4730266
51,"Feb 11, 2011",Cedar Rapids,10000000,6861102,7862131,14723233,4723233
38,"Feb 22, 1934",It Happened One Night,325000,2500000,2500000,5000000,4675000
18,"Feb 25, 2011",The Grace Card,200000,2430735,2430735,4861470,4661470
18,"Aug 24, 2012",Samsara,4000000,2672413,5966671,8639084,4639084
59,"Jun 27, 1944",Bathing Beauty,2361000,3500000,3500000,7000000,4639000
38,"Sep 11, 2015",90 Minutes in Heaven,5000000,4816142,4816142,9632284,4632284
17,"Mar 16, 2001",Gabriela,50000,2335352,2335352,4670704,4620704
18,"Apr 18, 1997",8 Heads in a Duffel Bag,3000000,3602884,4002884,7605768,4605768
12,"Dec 25, 1995",Four Rooms,4000000,4301000,4301000,8602000,4602000
71,"Sep 3, 2004",Wicker Park,30000000,13001257,21577076,34578333,4578333
73,"Jun 15, 2012",Your Sister's Sister,120000,1597486,3090593,4688079,4568079
52,"Apr 19, 2013",Filly Brown,1250000,2850357,2940411,5790768,4540768
66,"Apr 19, 2013",Home Run,1200000,2859955,2859955,5719910,4519910
76,"Aug 4, 1999",The Iron Giant,50000000,23159305,31333917,54493222,4493222
39,"Oct 26, 2001",Donnie Darko,4500000,1480006,7510877,8990883,4490883
15,"Jun 8, 2018",Hotel Artemis,15000000,6708137,12758799,19466936,4466936
67,"Oct 23, 1992",Reservoir Dogs,1200000,2832029,2832029,5664058,4464058
9,"Dec 11, 2009",Rocket Singh: Salesman of the Year,1070000,164649,5348767,5513416,4443416
75,"Jun 16, 1995",The Incredibly True Adventure of Two Girls in Love,250000,2210408,2477155,4687563,4437563
7,"Dec 31, 2011",La Cara Oculta,2600000,0,7033931,7033931,4433931
1,"Mar 18, 2011",Winter in Wartime,5800000,542860,9662214,10205074,4405074
93,"Oct 26, 2018",Indivisible,2700000,3511417,3588305,7099722,4399722
31,"Jul 27, 2007",Who's Your Caddy?,7000000,5694308,5694308,11388616,4388616
6,"Sep 6, 1935",Top Hat,609000,1782000,3202000,4984000,4375000
62,"Oct 9, 2015",Knock Knock,2000000,36336,6328516,6364852,4364852
20,"Aug 30, 2013",Getaway,18000000,10501938,11813989,22315927,4315927
25,"Jan 15, 2010",The Last Station,18000000,6617867,15696146,22314013,4314013
24,"Jun 15, 2001",Songcatcher,1800000,3050934,3050934,6101868,4301868
16,"Nov 13, 1998",Meet Joe Black,85000000,44650003,44650003,89300006,4300006
86,"Jul 7, 2017",A Ghost Story,100000,1594798,2769782,4364580,4264580
25,"Oct 30, 2015",Scouts Guide to the Zombie Apocalypse,15000000,3703046,15554855,19257901,4257901
65,"Apr 24, 2015",Little Boy,20000000,6485961,17769299,24255260,4255260
20,"Nov 30, 2018",Werk ohne Autor,1400000,1303747,4331152,5634899,4234899
24,"Jun 6, 1980",Galaxina,5500000,4865000,4865000,9730000,4230000
22,"Oct 15, 2004",Being Julia,18000000,7739049,14488705,22227754,4227754
67,"Oct 15, 1999",The Story of Us,50000000,27100030,27100030,54200060,4200060
61,"Jul 18, 2014",Wish I Was Here,6000000,3591299,6591365,10182664,4182664
61,"Mar 28, 2003",Raising Victor Vargas,800000,2073984,2900578,4974562,4174562
1,"Apr 23, 1993",The Dark Half,15000000,9579068,9579068,19158136,4158136
7,"Jan 19, 2001",The Pledge,45000000,19719930,29406132,49126062,4126062
27,"Jul 1, 2005",De battre mon coeur s'est arrÃªtÃ©,5500000,1023424,8589831,9613255,4113255
82,"Oct 26, 2012",Mientras duermes,5000000,0,9109597,9109597,4109597
19,"Sep 13, 1978",Days of Heaven,3000000,3446749,3660880,7107629,4107629
51,"Oct 10, 2014",Kill the Messenger,5000000,2450846,6656705,9107551,4107551
59,"Mar 20, 2015",Danny Collins,10000000,5637066,8465845,14102911,4102911
10,"Aug 2, 2006",Quinceanera,400000,1692693,2797199,4489892,4089892
74,"Feb 26, 1993",El Mariachi,7000,2040920,2041928,4082848,4075848
44,"Feb 27, 2004",Club Dread,8500000,5001655,7573551,12575206,4075206
67,"Dec 21, 2011",Albert Nobbs,7500000,3014696,8539003,11553699,4053699
46,"Jun 17, 2005",My Summer of Love,1700000,1000915,4727375,5728290,4028290
20,"May 24, 2002",Thirteen Conversations About One Thing,3000000,3287435,3705923,6993358,3993358
54,"Oct 6, 2017",Visages villages,1000000,952432,4015686,4968118,3968118
99,"Jun 19, 1998",Hav Plenty,650000,2301777,2301777,4603554,3953554
24,"Aug 2, 2002",Full Frontal,2000000,2512846,3438804,5951650,3951650
32,"Mar 25, 2005",Oldboy,3000000,707391,6239723,6947114,3947114
6,"Sep 23, 2016",Queen of Katwe,15000000,8874389,10055481,18929870,3929870
15,"Dec 21, 2007",Walk Hard: The Dewey Cox Story,35000000,18317151,20606053,38923204,3923204
42,"Aug 6, 2008",Bottle Shock,5000000,4078607,4815890,8894497,3894497
44,"Sep 20, 1996",When The Cat's Away,300000,1652472,2525984,4178456,3878456
32,"May 1, 1992",Split Second,7000000,5430822,5430822,10861644,3861644
30,"Dec 14, 1984",The Cotton Club,48000000,25928721,25928721,51857442,3857442
11,"May 18, 2018",First Reformed,3500000,3448256,3874772,7323028,3823028
11,"May 12, 2017",King Arthur: Legend of the Sword,175000000,39175066,139630336,178805402,3805402
19,"Feb 9, 1933",She Done Him Wrong,200000,2000000,2000000,4000000,3800000
10,"Oct 24, 1960",The Alamo,12000000,7900000,7900000,15800000,3800000
19,"Jan 1, 1968",Shalako,1455000,2620000,2620000,5240000,3785000
21,"Dec 20, 2006",The Painted Veil,19400000,8060487,15118795,23179282,3779282
40,"May 12, 2006",Keeping Up with the Steins,5000000,4339241,4414753,8753994,3753994
53,"Jan 21, 1953",Niagara,1250000,2500000,2500000,5000000,3750000
4,"Jan 1, 1987",Maurice,2600000,3147950,3198308,6346258,3746258
3,"Jul 24, 2015",The Vatican Tapes,13000000,1784763,14929184,16713947,3713947
14,"Apr 21, 2000",Gossip,14000000,5108820,12591270,17700090,3700090
14,"Jun 1, 2012",For Greater Glory: The True Story of Cristiada,12000000,5669081,10026255,15695336,3695336
66,"May 3, 2002",Hollywood Ending,16000000,4839383,14839383,19678766,3678766
38,"Sep 26, 2008",Choke,3400000,2926565,4124277,7050842,3650842
14,"Apr 25, 2003",The Real Cancun,4000000,3816594,3816594,7633188,3633188
90,"Feb 15, 2008",Diary of the Dead,2750000,952620,5394447,6347067,3597067
37,"Oct 22, 1999",Beyond the Mat,500000,2047570,2047570,4095140,3595140
54,"Oct 15, 2010",N-Secure,1600000,2595644,2595644,5191288,3591288
12,"Oct 20, 2006",Running With Scissors,12000000,6860000,8706701,15566701,3566701
98,"Feb 16, 2018",Early Man,50000000,8267544,45285890,53553434,3553434
11,"Jun 14, 2002",Windtalkers,115000000,40914068,77628265,118542333,3542333
53,"Mar 1, 2013",The Sweeney,4500000,26345,8000366,8026711,3526711
35,"Mar 7, 2003",Irreversible,5400000,792200,8133256,8925456,3525456
68,"Jul 7, 2000",But I'm a Cheerleader,1200000,2205627,2509344,4714971,3514971
60,"Dec 17, 1999",Anna and the King,75000000,39251128,39251128,78502256,3502256
78,"Feb 1, 2013",The Gatekeepers,1500000,2408553,2592308,5000861,3500861
43,"Sep 26, 2003",Luther,35000000,5781086,32717063,38498149,3498149
79,"Apr 29, 2011",Hoodwinked Too: Hood vs. Evil,30000000,10143779,23353111,33496890,3496890
39,"May 6, 1994",3 Ninjas Kick Back,20000000,11744960,11744960,23489920,3489920
48,"Nov 16, 1994",Heavenly Creatures,5000000,3046086,5438120,8484206,3484206
20,"Dec 14, 2005",Los tres entierros de Melquiades Estrada,15000000,5027684,13454474,18482158,3482158
53,"Oct 30, 1998",American History X,10000000,6719864,6719864,13439728,3439728
52,"Dec 17, 2010",Rabbit Hole,5000000,2229058,6205034,8434092,3434092
80,"Feb 11, 1981",Sphinx,10000000,2000000,11400000,13400000,3400000
23,"Sep 18, 2015",Captive,2000000,2583301,2791973,5375274,3375274
7,"Oct 10, 2007",Control,6400000,871577,8902141,9773718,3373718
46,"Apr 24, 1998",Two Girls and a Guy,1000000,2057193,2315026,4372219,3372219
79,"Mar 24, 2006",Boynton Beach Club,2900000,3127472,3127472,6254944,3354944
66,"Sep 30, 2016",Denial,10000000,4073448,9263940,13337388,3337388
14,"Dec 20, 1995",Nixon,45000000,13668249,34668249,48336498,3336498
73,"Dec 31, 2001",The Hole,7500000,0,10834406,10834406,3334406
43,"Oct 4, 2013",Grace Unplugged,1700000,2507159,2507159,5014318,3314318
2,"May 3, 1996",The Pallbearer,8000000,5656388,5656388,11312776,3312776
29,"May 12, 2017",The Wall,3000000,1803064,4495262,6298326,3298326
36,"Jan 15, 2010",Fish Tank,3000000,374675,5922292,6296967,3296967
3,"Mar 9, 1933",42nd Street,439000,1438000,2281000,3719000,3280000
73,"Aug 3, 2007",Hot Rod,25000000,13938332,14334401,28272733,3272733
59,"Oct 31, 2014",All You Need Is Love,300000,0,3565259,3565259,3265259
79,"Jun 26, 1998",Buffalo '66,1500000,2380606,2380606,4761212,3261212
59,"Mar 13, 2009",Miss March,6000000,4543320,4713059,9256379,3256379
48,"Jul 22, 2011",Another Earth,175000,1321194,2102779,3423973,3248973
63,"Dec 6, 2016",Oddball,7000000,0,10237229,10237229,3237229
45,"Mar 3, 2017",Table 19,5000000,3614896,4620399,8235295,3235295
44,"Oct 1, 1999","Happy, Texas",1700000,2039192,2891228,4930420,3230420
73,"Aug 22, 2003",The Medallion,41000000,22108977,22108977,44217954,3217954
5,"Sep 2, 2016",Morgan,8000000,3915251,7298786,11214037,3214037
35,"Nov 29, 2013",Mandela: Long Walk to Freedom,35000000,8323085,29890402,38213487,3213487
52,"Apr 29, 2016",Ratchet and Clank,20000000,8813410,14365639,23179049,3179049
22,"Feb 19, 1999",Jawbreaker,3000000,3076820,3076820,6153640,3153640
9,"Jun 3, 2011",Submarine,1900000,467602,4581937,5049539,3149539
87,"May 8, 1998",Woo,13000000,8064972,8064972,16129944,3129944
80,"Mar 2, 1984",Repo Man,1500000,2300000,2300000,4600000,3100000
12,"Jun 29, 2001",Pootie Tang,3500000,3293258,3293258,6586516,3086516
25,"Apr 9, 2010",Letters to God,3000000,2848587,3237452,6086039,3086039
88,"Aug 25, 2000",The Crew,23000000,13019253,13019253,26038506,3038506
33,"Mar 8, 1991",Nikita,7000000,5017971,5017971,10035942,3035942
99,"May 29, 1963",55 Days at Peking,17000000,10000000,10000000,20000000,3000000
54,"Jan 16, 2004",Teacher's Pet: The Movie,10000000,6491969,6491969,12983938,2983938
5,"Jul 9, 2004",Riding Giants,2600000,2276368,3292333,5568701,2968701
37,"Nov 12, 2004",Veer-Zaara,7000000,2938532,7017859,9956391,2956391
30,"Jul 8, 2005",Murderball,350000,1531154,1772979,3304133,2954133
72,"Sep 13, 2002",Stealing Harvard,25000000,13973532,13973532,27947064,2947064
46,"Feb 20, 2004",Welcome to Mooseport,26000000,14469428,14469428,28938856,2938856
15,"Dec 1, 1988",Talk Radio,4000000,3468572,3468572,6937144,2937144
40,"Nov 17, 2017","Roman J. Israel, Esq.",22000000,11962712,12967012,24929724,2929724
23,"Aug 9, 1996",Basquiat,3000000,2962051,2962051,5924102,2924102
82,"Jan 18, 1985",Blood Simple,1500000,1690913,2730877,4421790,2921790
78,"Apr 27, 2007",Ta Ra Rum Pum,7400000,872643,9443864,10316507,2916507
2,"Aug 29, 2008",Obsluhoval jsem anglickÃ©ho krÃ¡le,4900000,617228,7174984,7792212,2892212
56,"Dec 12, 2014",Inherent Vice,20000000,8110975,14772346,22883321,2883321
5,"Sep 30, 1983",Brainstorm,15000000,8921050,8921050,17842100,2842100
81,"Jul 3, 2002",The Powerpuff Girls,25000000,11411644,16425701,27837345,2837345
40,"Nov 24, 1999",Tumbleweeds,312000,1350248,1788168,3138416,2826416
25,"Jun 8, 2018",Hearts Beat Loud,2000000,2386254,2420962,4807216,2807216
69,"Dec 23, 1956",The Wrong Man,1200000,2000000,2000000,4000000,2800000
64,"Mar 7, 1986",Highlander,16000000,5900000,12900000,18800000,2800000
29,"Nov 6, 1987",Cry Freedom,29000000,5899797,25899797,31799594,2799594
60,"Feb 5, 1999",Simply Irresistible,6000000,4398989,4398989,8797978,2797978
63,"Mar 9, 1984",The Hotel New Hampshire,7500000,5142858,5142858,10285716,2785716
47,"Sep 29, 2000",The Broken Hearts Club: A Romantic Comedy,1000000,1744858,2022442,3767300,2767300
89,"Apr 13, 1994",Serial Mom,13000000,7881335,7881335,15762670,2762670
79,"Apr 9, 2004",Shade,6800000,25032,9533964,9558996,2758996
52,"Dec 7, 2001",No Man's Land,1000000,1067481,2684207,3751688,2751688
96,"Dec 31, 2008",Rejsen til Saturn,2700000,0,5377665,5377665,2677665
81,"Oct 21, 2016",Iâm Not Ashamed,1500000,2082980,2082980,4165960,2665960
37,"Feb 12, 1999",Tango,4500000,1687311,5428387,7115698,2615698
26,"Jan 20, 2017",The Resurrection of Gavin Stone,2000000,2303792,2303792,4607584,2607584
89,"Dec 20, 1996",Marvin's Room,23000000,12803305,12803305,25606610,2606610
21,"Aug 11, 1964",A Hard Day's Night,560000,1537860,1626784,3164644,2604644
40,"Jan 30, 2004",Osama,500000,1127331,1971479,3098810,2598810
66,"Aug 1, 1986",Howard the Duck,30000000,16295774,16295774,32591548,2591548
9,"Oct 9, 2009",Bronson,230000,104979,2703762,2808741,2578741
60,"Jul 4, 2007",Rescue Dawn,10000000,5490423,7037886,12528309,2528309
48,"Jun 28, 2006",Who Killed the Electric Car?,1000000,1678874,1849392,3528266,2528266
35,"Mar 9, 1962",State Fair,4500000,3500000,3500000,7000000,2500000
68,"Dec 31, 2006",Feng kuang de shi tou,500000,0,3000000,3000000,2500000
11,"Apr 26, 2002",Dogtown and Z-Boys,400000,1293295,1600566,2893861,2493861
7,"Mar 24, 2000",Whatever it Takes,15000000,8735529,8735529,17471058,2471058
17,"Jun 10, 2011",Trolljegeren,3500000,253444,5706638,5960082,2460082
45,"Jul 11, 2008",Meet Dave,60000000,11803254,50648806,62452060,2452060
80,"Apr 15, 2011",The Conspirator,25000000,11538204,15907411,27445615,2445615
34,"Dec 14, 2001",The Other Side of Heaven,7000000,4720371,4720371,9440742,2440742
30,"Jun 20, 2008",Brick Lane,2500000,1094998,3838486,4933484,2433484
53,"Aug 1, 1991",Slacker,23000,1227508,1227508,2455016,2432016
73,"Aug 28, 2015",Que Horas Ela Volta?,1200000,376976,3249041,3626017,2426017
44,"Aug 27, 1982",Jekyll and Hyde... Together Again,5000000,3707583,3707583,7415166,2415166
53,"Jun 24, 1977",Sorcerer,21600000,12000000,12005968,24005968,2405968
71,"Aug 9, 2002",Blood Work,50000000,26199517,26199517,52399034,2399034
55,"Oct 15, 1999",The Straight Story,10000000,6197866,6197866,12395732,2395732
44,"Jan 22, 1999",Bacheha-Ye aseman,180000,933933,1628579,2562512,2382512
17,"Jul 16, 2004",Camping Sauvage,4600000,3479302,3479302,6958604,2358604
60,"Feb 3, 2010",Ajami,1000000,621859,2721096,3342955,2342955
10,"May 21, 1999",The Love Letter,15000000,8322608,9010980,17333588,2333588
70,"Oct 31, 2008",Eden Lake,2000000,7321,4294373,4301694,2301694
56,"May 3, 2002",Deuces Wild,10000000,6044618,6244618,12289236,2289236
19,"Jun 22, 2007",You Kill Me,4000000,2426851,3858964,6285815,2285815
46,"May 5, 2000",Human Traffic,3300000,104257,5422740,5526997,2226997
55,"May 5, 2015",A Few Best Men,15000000,0,17224539,17224539,2224539
82,"May 20, 1948",The Pirate,3700000,2956000,2956000,5912000,2212000
51,"Mar 3, 2006",Joyeux NoÃ«l,22000000,1054361,23134075,24188436,2188436
32,"Jan 4, 2019",PMC: deo beong-keo,10300000,0,12478635,12478635,2178635
55,"Oct 25, 2002",Time Changer,825000,1500711,1500711,3001422,2176422
28,"Jun 28, 2006",Strangers with Candy,2000000,2072645,2077844,4150489,2150489
9,"Apr 13, 2010",Three Kingdoms: Resurrection of the Dragon,20000000,0,22139590,22139590,2139590
20,"Feb 11, 2000",Trois,200000,1161843,1161843,2323686,2123686
4,"Aug 17, 2012",The Awakening,4900000,95933,6924321,7020254,2120254
21,"Jun 19, 2015",The Overnight,200000,1109808,1165996,2275804,2075804
29,"Mar 1, 1992",Night on Earth,2000000,2015000,2022893,4037893,2037893
46,"Apr 15, 2016",Green Room,5000000,3220371,3807503,7027874,2027874
77,"Mar 16, 2001",American Desi,250000,902835,1366235,2269070,2019070
30,"Jan 29, 1993",Nemesis,2000000,2001124,2001124,4002248,2002248
38,"Feb 1, 2002",The Singles Ward,500000,1250798,1250798,2501596,2001596
58,"Dec 18, 1981",Heartbeeps,10000000,6000000,6000000,12000000,2000000
34,"May 12, 2000",Hamlet,2000000,1577287,2419669,3996956,1996956
33,"Oct 9, 1998",Festen,1300000,1647780,1647780,3295560,1995560
10,"Jul 20, 2012",Burn,225000,1109276,1109276,2218552,1993552
45,"Dec 10, 2008",Wendy and Lucy,300000,865695,1416046,2281741,1981741
31,"Oct 4, 2006",Shortbus,2000000,1985292,1985292,3970584,1970584
11,"May 12, 2000",Screwed,12000000,6982680,6982680,13965360,1965360
76,"Jul 14, 2000",Chuck&Buck,250000,1055671,1157672,2213343,1963343
9,"Sep 30, 2011",Take Shelter,4750000,1728953,4972016,6700969,1950969
59,"Jul 29, 2009",Adam,3200000,2283291,2834485,5117776,1917776
97,"Mar 26, 2010",Chloe,13000000,3075255,11831131,14906386,1906386
50,"Jul 17, 1996",Walking and Talking,1000000,1287480,1615787,2903267,1903267
8,"Oct 11, 1996",The Long Kiss Goodnight,65000000,33447612,33447612,66895224,1895224
98,"Mar 21, 2003",L\'auberge espagnole,5900000,3895664,3895664,7791328,1891328
43,"Sep 23, 2011",Weekend,190000,484592,1577585,2062177,1872177
16,"Jan 31, 1997",Waiting for Guffman,4000000,2922988,2922988,5845976,1845976
72,"Aug 6, 2004",Saints and Soldiers,780000,1310470,1310470,2620940,1840940
11,"Sep 15, 2000",Urbania,225000,1032075,1032075,2064150,1839150
70,"Sep 26, 1975",The Rocky Horror Picture Show,1200000,1414845,1615976,3030821,1830821
48,"Aug 31, 2012","For a Good Time, Call",850000,1251749,1386088,2637837,1787837
54,"Jul 19, 2002",Ayurveda: Art of Being,300000,16892,2066892,2083784,1783784
41,"Jun 9, 2000",Groove,500000,1115313,1167524,2282837,1782837
97,"Sep 26, 1986",Down by Law,1100000,1436000,1436000,2872000,1772000
91,"Feb 25, 2011",Drive Angry,50000000,10721033,41042583,51763616,1763616
39,"Jul 8, 2011",Sholem Aleichem: Laughing in the Darkness,500000,1131261,1131261,2262522,1762522
35,"Aug 7, 2015",The Diary of a Teenage Girl,2000000,1477002,2279959,3756961,1756961
9,"May 22, 2002",The Importance of Being Earnest,15000000,8378141,8378141,16756282,1756282
35,"Sep 28, 1990",Dark Angel,7000000,4372561,4372561,8745122,1745122
29,"Mar 1, 2013",Stoker,12000000,1703125,12034913,13738038,1738038
51,"Sep 19, 2003",Bubba Ho-Tep,1000000,1239183,1492895,2732078,1732078
42,"Jan 31, 2003",The R.M.,500000,1111615,1111615,2223230,1723230
49,"Sep 18, 2009",The Secrets of Jonathan Sperry,1000000,1355079,1355079,2710158,1710158
56,"Oct 10, 2017",Demonic,3000000,0,4668109,4668109,1668109
69,"Jan 8, 2013",Now is Good,500000,0,2141436,2141436,1641436
75,"Dec 29, 2009",Lesbian Vampire Killers,2000000,0,3620902,3620902,1620902
98,"Sep 4, 1987",The Offspring,1100000,1355728,1355728,2711456,1611456
17,"Sep 10, 1999",Love Stinks,4000000,2793776,2793776,5587552,1587552
92,"Sep 7, 2001",L.I.E.,700000,1140965,1140965,2281930,1581930
27,"Oct 3, 2003",Sur Le Seuil,2500000,2013052,2013052,4026104,1526104
43,"Jul 30, 1999",Twin Falls Idaho,500000,985341,1027228,2012569,1512569
27,"Apr 4, 2003",DysFunkTional Family,3000000,2255000,2255000,4510000,1510000
27,"May 25, 1979",The Prisoner of Zenda,12500000,7000000,7000000,14000000,1500000
90,"Jan 9, 2004",Chasing Liberty,23000000,12189514,12291975,24481489,1481489
47,"Jan 27, 1995",Highlander: The Final Dimension,26000000,13738574,13738574,27477148,1477148
6,"Dec 30, 2015",Anomalisa,8000000,3759286,5706168,9465454,1465454
32,"Feb 2, 1996",The Juror,44000000,22730924,22730924,45461848,1461848
37,"Apr 25, 2014",Locke,2000000,1370646,2088390,3459036,1459036
44,"Aug 20, 2004",Mean Creek,500000,603951,1348750,1952701,1452701
68,"Jun 19, 2009",DÃ¸d snÃ¸,800000,46742,2194020,2240762,1440762
4,"May 12, 2000",Held Up,8000000,4714090,4714090,9428180,1428180
93,"Aug 4, 2017",Columbus,700000,1017107,1110511,2127618,1427618
96,"May 17, 2019",The Sun is Also a Star,9000000,4950029,5434029,10384058,1384058
42,"Dec 12, 1997",Deconstructing Harry,20000000,10686841,10686841,21373682,1373682
13,"Oct 6, 2004",Tarnation,400000,592014,1162014,1754028,1354028
11,"May 5, 2006",Hoot,15000000,8117637,8224998,16342635,1342635
66,"Mar 9, 2001",Dayereh,10000,673780,673780,1347560,1337560
33,"Sep 12, 2003","The Book of Mormon Movie, Volume 1: The Journey",2000000,1660865,1660865,3321730,1321730
39,"Sep 7, 2007",In the Shadow of the Moon,2000000,1134358,2175587,3309945,1309945
12,"Oct 22, 1999",Bringing Out The Dead,32000000,16640210,16640210,33280420,1280420
56,"Aug 18, 2017",Patti Cake$,1000000,800148,1471090,2271238,1271238
47,"Mar 9, 2018",Thoroughbreds,5000000,3072605,3187302,6259907,1259907
75,"Oct 8, 2004",Primer,7000,424760,841926,1266686,1259686
69,"Apr 30, 2004",Godsend,30000000,14334645,16910708,31245353,1245353
24,"Dec 26, 1931",Mata Hari,558000,900000,900000,1800000,1242000
4,"Dec 14, 2018",Mortal Engines,100000000,15951040,85287417,101238457,1238457
97,"Aug 11, 2006",Conversations with Other Women,450000,379418,1297745,1677163,1227163
83,"Oct 11, 2013",All the Boys Love Mandy Lane,750000,0,1960521,1960521,1210521
84,"Apr 19, 2013",The Lords of Salem,1500000,1165881,1541131,2707012,1207012
57,"Dec 1, 2000",Panic,1000000,779137,1425707,2204844,1204844
62,"Oct 1, 1993",Ruby in Paradise,800000,1001437,1001437,2002874,1202874
39,"Jun 25, 2010",Kynodontas,323000,110248,1373407,1483655,1160655
43,"Oct 22, 1999",Three to Tango,20000000,10570375,10570375,21140750,1140750
44,"Dec 15, 1989",We're No Angels,20000000,10555348,10555348,21110696,1110696
53,"Oct 9, 1998",Slam,1000000,1009819,1087521,2097340,1097340
9,"Feb 26, 1999",20 Dates,66000,541636,602920,1144556,1078556
75,"Dec 24, 1999",Angela's Ashes,25000000,13038660,13038660,26077320,1077320
59,"Jan 15, 1999",Mississippi Mermaid,1600000,27795,2627795,2655590,1055590
75,"Mar 6, 1998",Love and Death on Long Island,4030000,2542264,2542264,5084528,1054528
39,"Jan 30, 2015","Guten Tag, Ramon",4000000,154356,4854356,5008712,1008712
20,"Dec 29, 2004",The Assassination of Richard Nixon,4600000,708776,4880143,5588919,988919
64,"Mar 8, 2002",Men with Brooms,7500000,4239767,4239767,8479534,979534
7,"Jul 11, 2003",Northfork,1900000,1420578,1445140,2865718,965718
63,"Aug 9, 2002",Pandora's Box,800000,881950,881950,1763900,963900
58,"May 9, 2014",Palo Alto,1000000,767732,1156309,1924041,924041
12,"Oct 24, 2008",Heroes,400000,655538,655538,1311076,911076
68,"Aug 17, 2012",Compliance,270000,319285,830700,1149985,879985
25,"Oct 17, 2012",Holy Motors,4000000,641054,4230426,4871480,871480
36,"Jul 27, 2007",No End In Sight,2000000,1433319,1433319,2866638,866638
27,"May 21, 1999",Trekkies,375000,617172,617172,1234344,859344
70,"Dec 31, 2006",Griffin & Phoenix,500000,0,1355967,1355967,855967
73,"Aug 9, 1996",Escape from L.A.,50000000,25426861,25426861,50853722,853722
49,"Jan 30, 2004",Latter Days,850000,833118,865708,1698826,848826
40,"Apr 8, 2011",Meek's Cutoff,2000000,977772,1869928,2847700,847700
97,"Aug 22, 2008",Hamlet 2,9000000,4886216,4934104,9820320,820320
63,"Apr 11, 1997",Pink Flamingos,12000,413802,413802,827604,815604
27,"Dec 25, 2001",The Shipping News,35000000,11405825,24405825,35811650,811650
62,"Jul 29, 2011",The Future,1000000,568662,1239174,1807836,807836
63,"Mar 14, 2014",Veronica Mars,6000000,3322127,3485383,6807510,807510
65,"Jul 20, 2001",Hedwig and the Angry Inch,6000000,3067312,3740030,6807342,807342
49,"Oct 31, 2014",Before I Go to Sleep,22000000,3242457,19563579,22806036,806036
23,"Oct 3, 2014",La chambre bleue,1400000,260441,1945420,2205861,805861
65,"Feb 22, 2008",Witless Protection,7500000,4151836,4151836,8303672,803672
59,"Sep 8, 2000",Fiza,1000000,623791,1179462,1803253,803253
63,"Oct 19, 1979",Meteor,16000000,8400000,8400000,16800000,800000
18,"Nov 12, 2010",Tiny Furniture,50000,391674,424149,815823,765823
89,"May 17, 2002",The Believer,1500000,406035,1840248,2246283,746283
10,"Jun 21, 2002",Sunshine State,5600000,3064356,3281898,6346254,746254
57,"Apr 7, 2000",Ready to Rumble,24000000,12372410,12372410,24744820,744820
66,"Jul 19, 2013",The Act of Killing,1000000,486919,1227316,1714235,714235
28,"Sep 19, 2014",Tusk,3000000,1821983,1887554,3709537,709537
79,"Mar 28, 1997",Love and Other Catastrophes,250000,212285,743216,955501,705501
55,"Apr 6, 2001",Brigham City,1000000,852206,852206,1704412,704412
68,"Apr 27, 2012",Sound of My Voice,135000,408015,429448,837463,702463
69,"Sep 30, 2011",Tucker & Dale vs. Evil,5000000,223838,5476793,5700631,700631
48,"Jan 18, 2008",Teeth,2000000,347578,2350641,2698219,698219
29,"Sep 27, 2002",Charly,950000,814666,814666,1629332,679332
48,"May 7, 2010",Mother and Child,7000000,1110509,6537179,7647688,647688
22,"Oct 22, 2004",Short Cut to Nirvana: Kumbh Mela,200000,381225,439651,820876,620876
34,"Jul 1, 1991",The Last Waltz,35000,321952,322563,644515,609515
19,"Feb 22, 2008",The Signal,50000,251150,406299,657449,607449
83,"Sep 16, 2005",Chocolate: Deep Dark Secrets,1000000,49000,1549000,1598000,598000
51,"Sep 7, 2007",Shoot 'Em Up,39000000,12796824,26796824,39593648,593648
39,"Mar 11, 2016",The Brothers Grimsby,35000000,6864016,28720470,35584486,584486
71,"Jan 1, 1976",The Blue Bird,1200000,887000,887000,1774000,574000
98,"Feb 16, 1996",City Hall,40000000,20278055,20278055,40556110,556110
98,"Sep 13, 2002",Igby Goes Down,9000000,4777465,4777465,9554930,554930
64,"Aug 27, 1993",Only the Strong,6000000,3273588,3273588,6547176,547176
28,"Oct 27, 2000",George Washington,42000,241816,342722,584538,542538
50,"May 13, 2011",Everything Must Go,5000000,2712131,2821010,5533141,533141
30,"Aug 25, 2000",Smiling Fish and Goat on Fire,40000,277233,277233,554466,514466
41,"Aug 26, 2011",Circumstance,900000,454121,958978,1413099,513099
31,"Aug 19, 1983",The Ballad of Gregorio Cortez,1305000,909000,909000,1818000,513000
69,"Nov 23, 2011",A Dangerous Method,20000000,5702083,14807531,20509614,509614
91,"Aug 10, 2001",Session 9,1500000,378176,1619602,1997778,497778
78,"Mar 8, 2013",Dead Man Down,30000000,10895295,19599974,30495269,495269
61,"Apr 5, 2000",Black and White,10000000,5241315,5241315,10482630,482630
87,"May 10, 1980",Penitentiary,100000,287000,287000,574000,474000
8,"Jul 19, 2013",Only God Forgives,4800000,775849,4494560,5270409,470409
28,"Jun 16, 2000",Jesus' Son,2500000,1282084,1687548,2969632,469632
14,"Oct 15, 2010",I Want Your Money,400000,433588,433588,867176,467176
49,"Sep 1, 2015",Exeter,25000,0,489792,489792,464792
37,"Jul 18, 2008",The Legend of God's Gun,30000,243768,243768,487536,457536
55,"Dec 31, 2013",Geograf globus propil,4000000,0,4454853,4454853,454853
46,"Sep 11, 1998",Let's Talk About Sex,300000,373615,373615,747230,447230
43,"Apr 7, 2006",Simon,1300000,4055,1738663,1742718,442718
96,"Aug 22, 1997",Sunday,450000,410919,450349,861268,411268
35,"May 22, 2009",The Girlfriend Experience,1300000,695840,1005840,1701680,401680
1,"May 30, 2008",The Foot Fist Way,79000,234286,234286,468572,389572
64,"Jun 15, 2018",Gotti,10000000,4286367,6089100,10375467,375467
60,"Jun 2, 2006",The Puffy Chair,15000,194523,195254,389777,374777
48,"Jan 14, 2000",The Terrorist,25000,195043,195043,390086,365086
82,"Aug 5, 2005",My Date With Drew,1100,181041,181041,362082,360982
47,"Aug 25, 2006",Old Joy,300000,255923,399908,655831,355831
54,"Apr 15, 2005",It's All Gone Pete Tong,2000000,120620,2226603,2347223,347223
78,"Feb 3, 2012",The Innkeepers,750000,78396,1011535,1089931,339931
86,"Mar 25, 2005",The Ballad of Jack and Rose,1500000,712294,1126258,1838552,338552
95,"Dec 7, 2018",Ben is Back,13000000,3703182,9633111,13336293,336293
38,"Apr 30, 1999",Get Real,2000000,1152411,1152411,2304822,304822
91,"Aug 22, 2008",The Longshots,23000000,11511323,11778396,23289719,289719
79,"Apr 2, 1999",Following,6000,48482,240495,288977,282977
55,"Apr 1, 2011",Rubber,500000,100370,680914,781284,281284
7,"Apr 25, 2014",Blue Ruin,420000,258384,437002,695386,275386
23,"Oct 12, 2012",Middle of Nowhere,200000,236806,236806,473612,273612
28,"Sep 10, 2004",Malevolence,200000,126021,346106,472127,272127
97,"Aug 6, 2010",The Disappearance of Alice Creed,1500000,166980,1605139,1772119,272119
67,"Apr 28, 2006",Clean,10000,138711,138711,277422,267422
38,"Mar 18, 2016",Krisha,30000,144822,144822,289644,259644
51,"Mar 24, 2006",Lonesome Jim,500000,154187,602789,756976,256976
63,"Feb 14, 2003",All the Real Girls,1000000,549666,703020,1252686,252686
45,"Aug 23, 2013",Drinking Buddies,500000,343706,407100,750806,250806
48,"Apr 18, 2003",Lilja 4-ever,4500000,181655,4556982,4738637,238637
5,"Apr 28, 2006",Moartea domnului Lazarescu,425000,80301,581304,661605,236605
24,"Oct 10, 2008",Call+Response,200000,212989,212989,425978,225978
61,"Apr 2, 2010",Breaking Upwards,15000,115592,115592,231184,216184
61,"Oct 23, 1998",Orgazmo,1000000,582024,627287,1209311,209311
31,"Sep 1, 2010",My Dog Tulip,350000,246574,310891,557465,207465
85,"Oct 21, 2016",31,1500000,779820,922727,1702547,202547
46,"Feb 13, 1998",Hurricane Streets,500000,334041,367582,701623,201623
34,"Oct 11, 1996",Trees Lounge,1300000,749741,749741,1499482,199482
70,"Jul 18, 2014",I Origins,1000000,336472,852399,1188871,188871
68,"Jul 6, 2001",Cure,10000,94596,94596,189192,179192
39,"Sep 1, 2006",Mutual Appreciation,30000,103509,103509,207018,177018
16,"Aug 20, 2008",The Rocker,15000000,6409528,8767338,15176866,176866
80,"Sep 10, 2010",Bran Nue Dae,6750000,113568,6812530,6926098,176098
22,"Apr 29, 2005",The Holy Girl,1400000,304124,1261792,1565916,165916
51,"Jun 3, 2016",The Fits,170000,166425,169242,335667,165667
79,"Jul 13, 2001",Bully,2100000,881824,1381824,2263648,163648
80,"Aug 28, 1998",I Married a Strange Person,250000,203134,203134,406268,156268
11,"Nov 26, 2003",The Missing,65000000,26900336,38253433,65153769,153769
54,"Sep 11, 2009",The Horse Boy,160000,156612,156612,313224,153224
76,"Sep 9, 2011",Grave Encounters,2000000,0,2151887,2151887,151887
25,"May 10, 2002",The Business of Fancy Dancing,200000,174682,174682,349364,149364
36,"Jun 27, 1986",American Anthem,7000000,3571624,3571624,7143248,143248
13,"Mar 19, 2010",Repo Men,32000000,13942007,18195238,32137245,137245
76,"May 26, 2006",Cavite,7000,70071,71644,141715,134715
81,"Jul 22, 2005",November,250000,191862,191862,383724,133724
40,"Apr 29, 2005",Funny Ha Ha,30000,77070,82698,159768,129768
28,"Feb 22, 2002",Dragonfly,60000000,30063805,30063805,60127610,127610
26,"May 10, 2002",Hybrid,200000,162605,162605,325210,125210
88,"Feb 6, 2004",The Lost Skeleton of Cadavra,100000,110536,110536,221072,121072
72,"Aug 22, 2003",The Battle of Shaker Heights,1000000,280351,839145,1119496,119496
47,"Jul 12, 2002",Never Again,500000,307631,308793,616424,116424
82,"Sep 17, 1999",Sugar Town,250000,178095,178095,356190,106190
58,"Oct 24, 2008",Roadside Romeo,2000000,55202,2046090,2101292,101292
64,"Oct 24, 2014",23 Blast,1000000,549185,549185,1098370,98370
65,"Jun 20, 1997",Dream With The Fishes,1000000,542909,542909,1085818,85818
82,"Jan 23, 2009",Donkey Punch,750000,19367,814801,834168,84168
87,"Dec 14, 2007",Shotgun Stories,250000,46026,284174,330200,80200
27,"Jun 13, 2008",Baghead,200000,140016,140016,280032,80032
59,"Jun 23, 2000",The Woman Chaser,150000,110719,110719,221438,71438
60,"Apr 7, 2015",Lost River,2000000,45431,2009644,2055075,55075
46,"Nov 6, 1985",Subway,2000000,390659,1663296,2053955,53955
93,"Feb 1, 2002",Birthday Girl,13000000,4919896,8130727,13050623,50623
46,"Sep 21, 2001",Glitter,8500000,4273372,4273372,8546744,46744
48,"Nov 19, 1956",Shichinin no samurai,500000,271736,271736,543472,43472
86,"Jul 15, 2005",On the Outs,250000,49772,237816,287588,37588
50,"Mar 21, 2008",The Hammer,850000,442638,442638,885276,35276
54,"Jan 5, 2007",Thr3e,2400000,1008849,1420418,2429267,29267
27,"Jan 7, 2005",Travellers and Magicians,1800000,506793,1322161,1828954,28954
89,"Mar 21, 2014",Cheap Thrills,100000,59424,59424,118848,18848
31,"Mar 12, 2010",The Exploding Girl,40000,25572,25572,51144,11144
49,"Aug 29, 2003",Civil Brand,500000,254293,254293,508586,8586
73,"Jan 13, 2012",Newlyweds,9000,4584,4584,9168,168
8,"Feb 20, 1998",I Love You â¦ Don't Touch Me!,68000,33598,33598,67196,-804
81,"Sep 29, 2015",A Plague So Pleasant,1400,0,0,0,-1400
80,"Jul 13, 2005",Return to the Land of Wonders,5000,1338,1338,2676,-2324
77,"Dec 31, 2004",The Mongol King,7000,900,900,1800,-5200
69,"May 28, 2004",On the Downlow,10000,1987,1987,3974,-6026
49,"Aug 24, 2001",The Curse of the Jade Scorpion,26000000,7496522,18496522,25993044,-6956
78,"Dec 31, 2018",Red 11,7000,0,0,0,-7000
70,"Apr 1, 1996",Bang,10000,527,527,1054,-8946
71,"Aug 14, 2008",The Rise and Fall of Miss Thang,10000,401,401,802,-9198
64,"Apr 28, 2006",Grip: A Criminal's Story,12000,1336,1336,2672,-9328
4,"Jul 25, 2014",Happy Christmas,70000,30312,30312,60624,-9376
72,"Apr 13, 2012",Blue Like Jazz,1200000,595018,595018,1190036,-9964
72,"May 19, 2015",Family Motocross,10000,0,0,0,-10000
41,"Oct 15, 2010",Down Terrace,30000,9812,9812,19624,-10376
44,"Dec 24, 1999",Pink Narcissus,27000,8231,8231,16462,-10538
65,"Dec 31, 2007",Tin Can Man,12000,0,0,0,-12000
62,"Dec 31, 2014",Stories of Our Lives,15000,0,0,0,-15000
59,"Nov 25, 2011",The Ridges,17300,0,0,0,-17300
45,"Jan 27, 2017",Emily,27000,3547,3547,7094,-19906
55,"Dec 31, 2003",Flywheel,20000,0,0,0,-20000
56,"Jan 4, 2013",All Superheroes Must Die,20000,0,0,0,-20000
57,"Apr 21, 2015",The Front Man,20000,0,0,0,-20000
58,"Dec 1, 2003",Steel Spirit,20000,0,0,0,-20000
54,"Dec 31, 2014",Dry Spell,22000,0,0,0,-22000
52,"Dec 1, 2015",Dutch Kills,25000,0,0,0,-25000
51,"Apr 21, 2015",Ten,25000,0,0,0,-25000
50,"Jun 13, 2003",Manito,25000,0,0,0,-25000
36,"Mar 23, 2007",Journey from the Fall,1300000,635305,635305,1270610,-29390
42,"Dec 31, 2013",Paraphobia,30000,0,0,0,-30000
32,"Feb 11, 2011",Raymond Did It,40000,3632,3632,7264,-32736
20,"Jul 31, 2015",Counting,50000,8374,8374,16748,-33252
36,"Dec 31, 2014",Happy 40th,35000,0,0,0,-35000
35,"Oct 25, 2013",Her Cry: La Llorona Investigation,35000,0,0,0,-35000
33,"Mar 31, 2012",Foreign Letters,40000,0,0,0,-40000
29,"Jun 21, 2013",This Is Martin Bonner,42000,0,0,0,-42000
29,"May 27, 2005",Saving Face,2500000,1187266,1269705,2456971,-43029
27,"Oct 25, 2013",A True Story,45000,0,0,0,-45000
23,"Dec 31, 2005",The Call of Cthulhu,50000,0,0,0,-50000
22,"Feb 14, 2014",Down and Dangerous,50000,0,0,0,-50000
21,"Dec 31, 2009",Big Things,50000,0,0,0,-50000
24,"Aug 4, 2015",Bending Steel,50000,0,0,0,-50000
25,"Sep 1, 2015","Run, Hide, Die",50000,0,0,0,-50000
26,"Dec 31, 2014",The Image Revolution,50000,0,0,0,-50000
11,"Jan 25, 2013",Supporting Characters,60000,4917,4917,9834,-50166
53,"Sep 28, 2012",The Other Dream Team,500000,134109,314444,448553,-51447
15,"Oct 4, 2013",The Dirties,55000,0,0,0,-55000
2,"Jul 17, 2015",Dawn of the Crescent Moon,75000,8799,8799,17598,-57402
90,"Jun 19, 2014",The Past is a Grotesque Animal,100000,20056,20056,40112,-59888
12,"Mar 16, 2012",The FP,60000,0,0,0,-60000
13,"Dec 31, 2012",Hayride,60000,0,0,0,-60000
14,"Aug 10, 1962",The Brain That Wouldn't Die,60000,0,0,0,-60000
5,"Jan 28, 2005","Peace, Propaganda and the Promised Land",70000,4930,4930,9860,-60140
67,"May 2, 2003",Blue Car,1000000,464126,475367,939493,-60507
6,"Dec 31, 2011",Absentia,70000,0,8555,8555,-61445
79,"Oct 3, 2003",The Work and the Story,103000,16137,16137,32274,-70726
3,"Sep 29, 2015",Queen Crab,75000,0,0,0,-75000
68,"Oct 19, 2007",Wristcutters: A Love Story,1000000,446165,473769,919934,-80066
37,"May 5, 2000",The Basket,1300000,609042,609042,1218084,-81916
54,"Dec 11, 2015",O Menino e o Mundo,500000,129479,280967,410446,-89554
90,"Aug 16, 2002",Possession,25000000,10103647,14805812,24909459,-90541
55,"Mar 1, 2002",The Calling,160000,32092,32092,64184,-95816
91,"Nov 9, 2001",Keeping it Real: The Adventures of Greg Walloch,100000,1358,1358,2716,-97284
96,"Dec 31, 2015",Lunchtime Heroes,100000,0,0,0,-100000
99,"Jul 7, 2015",Tiger Orange,100000,0,0,0,-100000
94,"Jun 10, 2014",Echo Dr.,100000,0,0,0,-100000
98,"Nov 10, 2015",The Night Visitor,100000,0,0,0,-100000
93,"Dec 31, 2014","Dude, Where's My Dog",100000,0,0,0,-100000
97,"Mar 25, 2015",Open Secret,100000,0,0,0,-100000
92,"May 18, 2012",Indie Game: The Movie,100000,0,0,0,-100000
95,"Mar 17, 2015",Closure,100000,0,0,0,-100000
29,"Sep 9, 2005",Side Effects,200000,44701,44701,89402,-110598
83,"Mar 28, 2008",Happy Valley,250000,67665,67665,135330,-114670
25,"Aug 23, 2011",Higher Ground,1800000,841056,842693,1683749,-116251
62,"Dec 31, 2013",Speak No Evil,150000,0,32927,32927,-117073
30,"Oct 10, 2008",Good Dick,200000,28835,52443,81278,-118722
74,"Jun 30, 2006",The Blood of My Brother: A Story of Death in Iraq,120000,0,0,0,-120000
76,"May 24, 2016",Une Femme MariÃ©e,120000,0,0,0,-120000
75,"Dec 31, 2007",A Dog's Breakfast,120000,0,0,0,-120000
70,"Jul 18, 2014",An American in Hollywood,125000,0,0,0,-125000
71,"Aug 11, 2015",The Brain That Sings,125000,0,0,0,-125000
72,"Dec 31, 2015",Romantic Schemer,125000,0,0,0,-125000
48,"Jul 15, 2005",First Morning,300000,87264,87264,174528,-125472
84,"Aug 2, 2013",The Canyons,250000,59671,62375,122046,-127954
60,"Apr 17, 2015",Antarctic Edge: 70Âº South,150000,7193,7193,14386,-135614
42,"Aug 25, 2006",The Quiet,900000,381420,381420,762840,-137160
61,"Aug 21, 2015",Top Spin,150000,5858,5858,11716,-138284
53,"Dec 31, 2015",Lumea e a mea,168000,0,29678,29678,-138322
52,"Jun 30, 1979",Dolphin,170000,14000,14000,28000,-142000
69,"May 5, 2000",Luminarias,1000000,428535,428535,857070,-142930
91,"Jan 17, 2007",Alone with Her,1000000,10787,844377,855164,-144836
45,"Feb 27, 2015",Butterfly Girl,180000,17503,17503,35006,-144994
85,"Jun 28, 2006",The Motel,250000,51540,51540,103080,-146920
15,"Jan 1, 1983",E tu vivrai nel terrore - L'aldilÃ,400000,126387,126387,252774,-147226
64,"May 3, 2013",Aroused,150000,0,0,0,-150000
63,"Oct 6, 2009",A Charlie Brown Christmas,150000,0,0,0,-150000
65,"Dec 31, 2015",Escaping the Holocost,150000,0,0,0,-150000
49,"Jun 15, 2007",Pierrot le fou,300000,70807,71380,142187,-157813
19,"Mar 4, 2005",Dear Frankie,4600000,1340891,3099369,4440260,-159740
49,"Aug 23, 2013",Sparrows Dance,175000,2602,2602,5204,-169796
50,"Sep 4, 2015",Heroes of Dirt,175000,0,0,0,-175000
46,"Jun 16, 2017",Arrowhead,180000,0,0,0,-180000
32,"Oct 18, 2006",51 Birch Street,350000,84689,84689,169378,-180622
46,"Oct 17, 2008",Sex Drive,19000000,8402485,10412485,18814970,-185030
31,"Jul 21, 2006",The Case of the Grinning Cat,200000,7033,7033,14066,-185934
32,"Jan 7, 2005",Solitude,200000,6260,6260,12520,-187480
33,"Mar 14, 2014",The Word,200000,3648,3648,7296,-192704
52,"Apr 17, 2013",Deceptive Practice: The Mysteries and Mentors of Ricky Jay,500000,152449,152449,304898,-195102
34,"Jun 15, 2007",The Trials of Darryl Hunt,200000,1217,1217,2434,-197566
40,"Sep 29, 2015",Theresa Is a Mother,200000,0,0,0,-200000
42,"Dec 31, 2014",H.,200000,0,0,0,-200000
36,"Dec 31, 2004",Samantha: An American Girl Holiday,200000,0,0,0,-200000
41,"Nov 10, 2015",Perfect Cowboy,200000,0,0,0,-200000
39,"Aug 26, 2014",Sanctuary; Quite a Conundrum,200000,0,0,0,-200000
38,"Sep 12, 2014",Archaeology of a Woman,200000,0,0,0,-200000
37,"Jan 17, 2008",Yesterday Was a Lie,200000,0,0,0,-200000
35,"Oct 19, 2007",The Man From Earth,200000,0,0,0,-200000
88,"Aug 15, 2014",Nightlights,250000,21147,21147,42294,-207706
90,"Jan 8, 1999",The Sticky Fingers of Time,250000,18195,20628,38823,-211177
89,"Jun 6, 2014",Test,250000,18823,18823,37646,-212354
56,"Aug 11, 2009",London to Brighton,825000,0,610776,610776,-214224
50,"Mar 5, 1997",The Watermelon Woman,300000,42735,42735,85470,-214530
51,"Mar 11, 2011",3 Backyards,300000,39475,39475,78950,-221050
16,"May 16, 1980",Home Movies,400000,89134,89134,178268,-221732
15,"Sep 30, 2016",American Honey,3500000,663247,2611750,3274997,-225003
8,"Oct 31, 2008",Little Big Top,240000,7484,7484,14968,-225032
52,"Apr 12, 2006",Sisters in Law,300000,33312,33312,66624,-233376
1,"Feb 1, 2002",Slackers,11000000,4814244,5942218,10756462,-243538
91,"Mar 24, 2015",Along the Roadside,250000,0,3234,3234,-246766
98,"Dec 31, 2010",Butterfly,250000,0,0,0,-250000
97,"Apr 11, 2014",Jesus People,250000,0,0,0,-250000
94,"Dec 31, 2010",The Christmas Bunny,250000,0,0,0,-250000
2,"Dec 31, 2011",Rock the House,250000,0,0,0,-250000
3,"Dec 31, 2015",Shooting the Warwicks,250000,0,0,0,-250000
100,"Dec 31, 2014",Horse Camp,250000,0,0,0,-250000
6,"Jan 1, 2015",4/11,250000,0,0,0,-250000
92,"Oct 21, 2008",Sunday School Musical,250000,0,0,0,-250000
93,"Oct 5, 2010",Rust,250000,0,0,0,-250000
99,"Feb 3, 2015",UnDivided,250000,0,0,0,-250000
4,"Aug 18, 2015",The Love Letter,250000,0,0,0,-250000
95,"Nov 10, 2009",Ink,250000,0,0,0,-250000
5,"Oct 9, 2015",Western Religion,250000,0,0,0,-250000
96,"Dec 18, 2012",The Frozen,250000,0,0,0,-250000
1,"Feb 24, 2015",Give Me Shelter,250000,0,0,0,-250000
11,"Oct 31, 2000",Mercy Streets,600000,173599,173599,347198,-252802
53,"Nov 9, 2012",Nothing But a Man,300000,17241,17241,34482,-265518
55,"Aug 7, 1998","First Love, Last Rites",300000,10876,10876,21752,-278248
56,"May 6, 2005",Fighting Tommy Riley,300000,10514,10514,21028,-278972
65,"Mar 10, 2000",Deterrence,800000,144583,371647,516230,-283770
43,"Sep 28, 2001",Dinner Rush,2000000,638227,1075504,1713731,-286269
67,"Dec 31, 2010",Death Calls,290000,0,0,0,-290000
57,"Mar 28, 2014",Locker 13,300000,3496,3496,6992,-293008
58,"Oct 23, 2015",The Looking Glass,300000,1711,1711,3422,-296578
65,"Dec 31, 2010",Anderson's Cross,300000,0,0,0,-300000
64,"Dec 31, 2015",Walking to Paris,300000,0,0,0,-300000
63,"Mar 10, 2015",Teeth and Blood,300000,0,0,0,-300000
61,"Jul 3, 2012",Some Guy Who Kills People,300000,0,0,0,-300000
60,"Apr 1, 1975",Death Race 2000,300000,0,0,0,-300000
66,"Dec 8, 2015",Amidst the Devil's Wings,300000,0,0,0,-300000
62,"Aug 7, 2013",Midnight Cabaret,300000,0,0,0,-300000
82,"Jun 3, 2005",The Lords of Dogtown,25000000,11273517,13424365,24697882,-302118
100,"Oct 11, 2013",Escape from Tomorrow,650000,171962,171962,343924,-306076
70,"Feb 3, 2012",Kill List,800000,29063,462206,491269,-308731
62,"May 28, 1993",Super Mario Bros.,42000000,20844907,20844907,41689814,-310186
17,"Jul 27, 2001",Jackpot,400000,44452,44452,88904,-311096
84,"Nov 3, 2006",Unknown,3700000,26403,3355048,3381451,-318549
33,"Nov 15, 2002",Revolution#9,350000,9118,9118,18236,-331764
99,"Apr 29, 1994",PCU,9000000,4333569,4333569,8667138,-332862
66,"Oct 31, 2003",Shattered Glass,6000000,2207975,3456602,5664577,-335423
18,"Dec 10, 2004",Fabled,400000,31425,31425,62850,-337150
36,"Apr 13, 1957",12 Angry Men,340000,0,0,0,-340000
64,"Nov 13, 2012",Jab Tak Hai Jaan,9200000,3047539,5806666,8854205,-345795
34,"Apr 10, 2009",Royal Kill,350000,0,0,0,-350000
35,"Oct 20, 2015",Rotor DR1,350000,0,0,0,-350000
53,"Mar 23, 2007",Namastey London,8400000,1207007,6831069,8038076,-361924
98,"Nov 20, 2015",Siakh lokhamim: ha'slilim ha'gnouzim,450000,41260,42503,83763,-366237
79,"Mar 14, 2008",Doomsday,33000000,11008770,21621188,32629958,-370042
26,"Apr 22, 2011",POM Wonderful Presents: The Greatest Movie Ever Sold,1800000,638476,783733,1422209,-377791
37,"Oct 8, 2010",I Spit on Your Grave,1750000,93051,1278471,1371522,-378478
24,"Sep 5, 1916",Intolerance,385907,0,0,0,-385907
56,"Jan 1, 1991",Johnny Suede,500000,55000,55000,110000,-390000
20,"Mar 31, 2015",Viskningar och rop,400000,0,9071,9071,-390929
73,"Oct 29, 2004",Birth,20000000,5005899,14603001,19608900,-391100
57,"Oct 5, 2007",Finishing the Game,500000,52850,53201,106051,-393949
64,"Jul 18, 2007",Cama adentro,800000,200433,200433,400866,-399134
19,"Oct 13, 2005",The Dark Hours,400000,423,423,846,-399154
6,"Jan 21, 2005",Gory Gory Hallelujah,425000,12604,12604,25208,-399792
21,"Apr 1, 1986",My Beautiful Laundrette,400000,0,0,0,-400000
22,"Nov 4, 2005",Show Me,400000,0,0,0,-400000
23,"Dec 31, 2014",Pancakes,400000,0,0,0,-400000
74,"Apr 8, 2016",The Invitation,1000000,231738,354836,586574,-413426
99,"May 9, 2008",Poultrygeist: Night of the Chicken Dead,450000,13804,22623,36427,-413573
3,"Feb 24, 2006",Running Scared,17000000,6855137,9729088,16584225,-415775
63,"Feb 27, 2009",Scott Walker: 30 Century Man,500000,6840,77121,83961,-416039
73,"Jan 18, 2008",Taxi to the Dark Side,1000000,274661,304472,579133,-420867
71,"Nov 28, 2014",Antarctica: A Year on Ice,1000000,288757,288757,577514,-422486
100,"Jul 11, 2014",As It Is in Heaven,450000,13486,13486,26972,-423028
83,"Jul 7, 2009",Flying By,5000000,0,4568257,4568257,-431743
70,"Jun 20, 2003",Alex & Emma,30000000,14208384,15358583,29566967,-433033
10,"Jan 27, 2006",Tristram Shandy: A Cock and Bull Story,4750000,1253413,3061763,4315176,-434824
58,"Apr 18, 2008",Kiss the Bride,500000,32033,32033,64066,-435934
90,"Aug 4, 1999",Dick,13000000,6276869,6276869,12553738,-446262
53,"Oct 23, 2015",Jem and the Holograms,5000000,2184640,2368937,4553577,-446423
100,"Dec 31, 2013",Heli,1000000,0,552614,552614,-447386
43,"Feb 24, 2017",The Girl with all the Gifts,5250000,0,4801837,4801837,-448163
2,"Dec 31, 2014",Rise Of the Entrepreneur - The Search For A Better Way,450000,0,0,0,-450000
1,"Jul 1, 2014",Mutual Friends,450000,0,0,0,-450000
74,"Feb 5, 2016",Pride and Prejudice and Zombies,28000000,10907291,16638300,27545591,-454409
59,"Jul 11, 2003",The Journey,500000,19800,19800,39600,-460400
6,"May 3, 2019",UglyDolls,45000000,19894664,24644664,44539328,-460672
61,"Jan 10, 2003",The Slaughter Rule,500000,13134,13134,26268,-473732
92,"Dec 31, 1984",The Toxic Avenger,475000,0,0,0,-475000
62,"May 14, 2010",The Living Wake,500000,12232,12232,24464,-475536
87,"Apr 22, 2016",Unsullied,1500000,510957,510957,1021914,-478086
44,"Apr 5, 2013",The Brass Teapot,900000,6997,413733,420730,-479270
81,"Jul 1, 2005",Undead,750000,41196,229250,270446,-479554
64,"Oct 21, 2005",The Californians,500000,4134,4134,8268,-491732
71,"Nov 2, 2001",Everything Put Together,500000,0,7890,7890,-492110
65,"Sep 10, 2014",Born to Fly: Elizabeth Streb vs. Gravity,500000,1822,1822,3644,-496356
66,"Jun 28, 2013",Detention of the Dead,500000,1778,1778,3556,-496444
67,"May 11, 2018",Higher Power,500000,528,528,1056,-498944
14,"Jul 2, 1999",Broken Vessels,600000,15030,85343,100373,-499627
86,"Jun 23, 2015",Crossroads,500000,0,0,0,-500000
91,"Nov 10, 2015",The Little Ponderosa Zoo,500000,0,0,0,-500000
90,"Dec 31, 2015",Rodeo Girl,500000,0,0,0,-500000
89,"Dec 31, 2014",The Sound and the Shadow,500000,0,0,0,-500000
88,"Dec 1, 2015",Brooklyn Bizarre,500000,0,0,0,-500000
87,"Aug 11, 2015",Alleluia! The Devil's Carnival,500000,0,0,0,-500000
82,"Dec 31, 2012",El rey de Najayo,500000,0,0,0,-500000
72,"Dec 31, 2010",Drones,500000,0,0,0,-500000
75,"Dec 31, 2005",Insomnia Manica,500000,0,0,0,-500000
85,"Dec 31, 1990",Going Under,500000,0,0,0,-500000
76,"Dec 31, 2014",America Is Still The Place,500000,0,0,0,-500000
84,"Dec 31, 2013",Bucky and the Squirrels,500000,0,0,0,-500000
77,"Jul 24, 2015",The Outrageous Sophie Tucker,500000,0,0,0,-500000
78,"Mar 10, 2015",Subconscious,500000,0,0,0,-500000
79,"Apr 14, 2015",Roadside,500000,0,0,0,-500000
80,"Dec 31, 2014",Diamond Ruff,500000,0,0,0,-500000
83,"Dec 31, 2015",Fight to the Finish,500000,0,0,0,-500000
81,"Feb 10, 2015",Love in the Time of Monsters,500000,0,0,0,-500000
74,"Jul 17, 2012",Girls Gone Dead,500000,0,0,0,-500000
73,"Apr 3, 2012",Enter Nowhere,500000,0,0,0,-500000
12,"May 2, 2014",Water & Power,600000,42557,42557,85114,-514886
54,"Dec 31, 2016",Bodom,1250000,0,726460,726460,-523540
27,"Sep 12, 2014",Faith Connections,550000,9111,9111,18222,-531778
48,"Oct 27, 2017",Thank You for Your Service,20000000,9479390,9985316,19464706,-535294
75,"Sep 24, 2004",Guiana 1838,1000000,227241,227241,454482,-545518
28,"Mar 6, 2012",High Road,546173,0,0,0,-546173
23,"Dec 31, 2015",Julija in alfa Romeo,560000,0,8462,8462,-551538
22,"Jul 29, 2011",The Harvest/La Cosecha,560000,3709,3709,7418,-552582
13,"Oct 19, 2007",Arnolds Park,600000,23616,23616,47232,-552768
14,"May 4, 2012",LOL,11000000,0,10431506,10431506,-568494
76,"Dec 30, 2002",Love Liza,1000000,213137,213137,426274,-573726
20,"Jun 17, 2011",The Art of Getting By,4000000,1430241,1989035,3419276,-580724
16,"Mar 4, 2016",They Will Have to Kill Us First,600000,0,7943,7943,-592057
67,"Jul 3, 2008",The Wackness,6000000,2077046,3330012,5407058,-592942
15,"May 22, 2015",Drunk Wedding,600000,3301,3301,6602,-593398
20,"Feb 24, 2015",Irreplaceable,600000,0,0,0,-600000
18,"Aug 8, 2014",The Maid's Room,600000,0,0,0,-600000
17,"Aug 23, 2002",Crop Circles: Quest for Truth,600000,0,0,0,-600000
19,"Dec 31, 2014",Light from the Darkroom,600000,0,0,0,-600000
79,"Aug 29, 2014",Il conformista,750000,59656,89609,149265,-600735
99,"Feb 22, 2002",Sex with Strangers,1100000,247740,247740,495480,-604520
42,"Nov 5, 1993",RoboCop 3,22000000,10696210,10696210,21392420,-607580
42,"Feb 11, 2005",Inside Deep Throat,2000000,691880,691880,1383760,-616240
5,"Dec 31, 2013",Treachery,625000,0,0,0,-625000
4,"Dec 31, 2009",Starsuckers,640000,0,14812,14812,-625188
77,"Jul 7, 2006",Once in a Lifetime: the Extraordinary Story of the New York Cosmos,1000000,144601,215559,360160,-639840
47,"Jun 24, 2005",Yes,1700000,396035,661221,1057256,-642744
1,"Dec 14, 2018",That Way Madness Lies,650000,1447,1447,2894,-647106
57,"Mar 19, 2010",The Runaways,9500000,3573673,5278632,8852305,-647695
3,"Dec 31, 2014",The Hadza: Last of the First,650000,0,0,0,-650000
2,"Dec 31, 2012",After,650000,0,0,0,-650000
80,"Nov 15, 2002",Interview with the Assassin,750000,47329,47329,94658,-655342
87,"Jun 25, 1968",La mariÃ©e Ã©tait en noir,747000,44566,44566,89132,-657868
88,"Aug 31, 1994",Killing Zoe,1500000,418953,418953,837906,-662094
31,"Apr 6, 2012",Damsels in Distress,3000000,1007535,1324299,2331834,-668166
36,"Feb 26, 2013",Tao Jie,5400000,0,4728896,4728896,-671104
66,"May 7, 2004",The Mudge Boy,800000,62544,62544,125088,-674912
94,"Oct 8, 1999",Naturally Native,700000,10508,10508,21016,-678984
90,"Mar 7, 2008",Snow Angels,1500000,402858,414404,817262,-682738
67,"Apr 11, 2003",The Young Unknowns,800000,58163,58163,116326,-683674
74,"Nov 19, 1982",Q,1200000,255000,255000,510000,-690000
95,"Jan 26, 2010",B-Girl,700000,0,1160,1160,-698840
96,"Mar 13, 2015",Walter,700000,0,0,0,-700000
92,"May 12, 2006",Dead Man's Shoes,1125000,6408,414736,421144,-703856
60,"Sep 26, 2014",Two Night Stand,1600000,15600,868081,883681,-716319
16,"Nov 20, 1998",Celebrity,12000000,5078660,6200000,11278660,-721340
38,"Jan 30, 2015",Above and Beyond,1300000,288751,288751,577502,-722498
44,"Sep 24, 2010",The Virginity Hit,2000000,636706,636706,1273412,-726588
69,"Sep 19, 2014",Not Cool,800000,35688,35688,71376,-728624
26,"Jun 13, 2014",The Signal,4000000,600896,2665322,3266218,-733782
84,"Dec 31, 2014",Destiny,750000,0,450,450,-749550
85,"Apr 7, 2009",Bled,750000,0,0,0,-750000
86,"Jan 5, 2016",Adulterers,750000,0,0,0,-750000
21,"Sep 16, 2005",Thumbsucker,4000000,1328679,1919197,3247876,-752124
10,"Apr 9, 2010",The Square,1900000,406216,740932,1147148,-752852
1,"Mar 9, 2012",A Thousand Words,40000000,18450127,20790486,39240613,-759387
56,"Dec 31, 1989",Out of the Dark,1600000,419428,419428,838856,-761144
92,"Feb 11, 2011",MOOZ-lum,1500000,362239,372239,734478,-765522
78,"Aug 22, 2001",Lisa Picard is Famous,1000000,113433,113433,226866,-773134
74,"Sep 8, 2006",Iraq for Sale: The War Profiteers,775000,0,0,0,-775000
73,"Oct 8, 1999",The Limey,10000000,3193102,6030047,9223149,-776851
80,"Oct 30, 2009",The House of the Devil,1000000,101215,102812,204027,-795973
79,"Jul 31, 2015",Beyond the Brick: A LEGO Brickumentary,1000000,101531,101531,203062,-796938
71,"Jan 9, 2015",Vessel,800000,0,0,0,-800000
57,"Dec 31, 2009",Crying With Laughter,820000,0,16909,16909,-803091
66,"Nov 24, 2004",The Work and the Glory,7500000,3347647,3347647,6695294,-804706
81,"Jun 1, 2012",Hardflip,1000000,96734,96734,193468,-806532
55,"Jan 30, 1998",Zero Effect,5000000,2080693,2080693,4161386,-838614
51,"Aug 28, 2015",Windsor Drive,850000,3256,3256,6512,-843488
53,"Dec 31, 2008",Harrison Montgomery,850000,0,0,0,-850000
52,"Dec 31, 2012",Snitch,850000,0,0,0,-850000
34,"Apr 13, 2012",L!fe Happens,930000,30905,30905,61810,-868190
40,"Dec 9, 2005",Neal n' Nikki,1300000,100358,329621,429979,-870021
30,"Jan 10, 2014",Banshee Chapter,950000,0,78122,78122,-871878
82,"Mar 11, 2016",Creative Control,1000000,63014,63014,126028,-873972
39,"Mar 15, 1985",Def-Con 4,1300000,210904,210904,421808,-878192
1,"Dec 7, 2005",The World's Fastest Indian,25000000,5128124,18991288,24119412,-880588
43,"Apr 27, 2012",The Giant Mechanical Man,900000,7396,7396,14792,-885208
92,"Oct 17, 2014",Camp X-Ray,1000000,9837,101053,110890,-889110
11,"Apr 23, 1999",Lost and Found,14000000,6552255,6552255,13104510,-895490
84,"Jul 1, 2011",The Perfect Host,1000000,48764,51587,100351,-899649
45,"Dec 31, 2014",40 Weeks,900000,0,0,0,-900000
46,"May 5, 2015",Le bonheur d'Elza,900000,0,0,0,-900000
15,"Nov 17, 2006",For Your Consideration,12000000,5549923,5549923,11099846,-900154
36,"Nov 21, 2014",Food Chains,913000,0,176,176,-912824
45,"May 15, 1998",Clockwatchers,2000000,537948,539961,1077909,-922091
8,"Apr 24, 2015",Brotherly Love,1900000,478595,478595,957190,-942810
63,"Oct 26, 2001",On the Line,10000000,4365455,4690802,9056257,-943743
31,"Dec 31, 2012",Trance,950000,0,0,0,-950000
32,"Aug 12, 2014",Jesse,950000,0,0,0,-950000
33,"Mar 3, 2015",Ask Me Anything,950000,0,0,0,-950000
22,"Sep 23, 2011",Red State,4000000,1065429,1983596,3049025,-950975
85,"Sep 25, 1998",The Last Big Thing,1000000,22434,22434,44868,-955132
86,"Aug 7, 1998",Safe Men,1000000,21210,21210,42420,-957580
87,"Aug 31, 2001",Speedway Junky,1000000,17127,17127,34254,-965746
93,"Nov 21, 2008",Special,1000000,7202,26822,34024,-965976
47,"Jun 3, 2016",Popstar: Never Stop Never Stopping,20000000,9496130,9537120,19033250,-966750
36,"Feb 7, 2003",May,1750000,145540,634803,780343,-969657
88,"Feb 13, 2015",Hits,1000000,15156,15156,30312,-969688
27,"Jun 1, 2007",And Then Came Love,989000,8158,8158,16316,-972684
89,"Sep 22, 2000",The Specials,1000000,12996,12996,25992,-974008
90,"Sep 3, 2010",16 to Life,1000000,11574,11574,23148,-976852
1,"May 14, 2003",Dracula: Pages from a Virgin's Diary,1100000,39659,81371,121030,-978970
1,"Dec 31, 2015",Karachi se Lahore,1000000,0,17721,17721,-982279
94,"Apr 10, 2015",The Sisterhood of Night,1000000,6870,6870,13740,-986260
100,"May 18, 2012",Beyond the Black Rainbow,1100000,56491,56491,112982,-987018
95,"Mar 19, 1999",Sparkler,1000000,5494,5494,10988,-989012
8,"Jun 10, 2005",The Honeymooners,27000000,12834849,13174426,26009275,-990725
96,"Mar 18, 2005",The Helixâ¦Loaded,1000000,3700,3700,7400,-992600
2,"Dec 31, 2006",Loving Annabelle,1000000,0,5382,5382,-994618
97,"May 15, 2015",Childless,1000000,1036,1036,2072,-997928
98,"Apr 21, 2006",In Her Line of Fire,1000000,884,884,1768,-998232
99,"Dec 13, 2002",The Jimmy Show,1000000,703,703,1406,-998594
3,"Dec 11, 2015",American Hero,1000000,0,26,26,-999974
17,"Dec 31, 2014",Doc Holliday's Revenge,1000000,0,0,0,-1000000
5,"Sep 15, 2006",Jimmy and Judy,1000000,0,0,0,-1000000
7,"Jul 17, 2009",The Poker House,1000000,0,0,0,-1000000
16,"Oct 8, 2013",Zombie Hunter,1000000,0,0,0,-1000000
8,"Sep 23, 2005",Proud,1000000,0,0,0,-1000000
14,"Jan 7, 2014",Hidden Away,1000000,0,0,0,-1000000
9,"Dec 31, 2008",Steppin: The Movie,1000000,0,0,0,-1000000
18,"Jun 24, 2014",A Fine Step,1000000,0,0,0,-1000000
10,"Jan 29, 2010",Zombies of Mass Destruction,1000000,0,0,0,-1000000
11,"Mar 20, 2012",Snow White: A Deadly Summer,1000000,0,0,0,-1000000
6,"Oct 24, 2003",The Party's Over,1000000,0,0,0,-1000000
12,"Oct 9, 2012",Truth or Die,1000000,0,0,0,-1000000
4,"Dec 1, 2009",Frat Party,1000000,0,0,0,-1000000
13,"May 14, 2013",Black Rock,1000000,0,0,0,-1000000
19,"Feb 10, 2015",Fear Clinic,1000000,0,0,0,-1000000
23,"Mar 1, 2016",1982,1000000,0,0,0,-1000000
22,"Apr 8, 2016",Hush,1000000,0,0,0,-1000000
15,"Oct 4, 2013",My Last Day Without You,1000000,0,0,0,-1000000
21,"Dec 31, 2014",Bang Bang Baby,1000000,0,0,0,-1000000
20,"Mar 10, 2015",The Pet,1000000,0,0,0,-1000000
24,"Oct 27, 2015",The Horror Network,1000000,0,0,0,-1000000
26,"Dec 22, 2015",Por amor en el caserio,1000000,0,0,0,-1000000
25,"Dec 31, 2016",Chemical Cut,1000000,0,0,0,-1000000
79,"Nov 5, 2010",Four Lions,3750000,310007,2436111,2746118,-1003882
65,"Mar 16, 2012","Jeff, Who Lives at Home",10000000,4269426,4708127,8977553,-1022447
50,"Sep 8, 2006",Sherrybaby,2000000,199176,759504,958680,-1041320
12,"May 6, 2016",Dheepan,9000000,248795,7704357,7953152,-1046848
56,"Dec 31, 2009",NiktÃ©,2400000,0,1333891,1333891,-1066109
41,"Aug 16, 2013",Underdogs,2500000,35017,1392649,1427666,-1072334
3,"Mar 7, 2017",Departure,1100000,0,27561,27561,-1072439
75,"Mar 21, 2003",Down & Out with the Dolls,1200000,58936,58936,117872,-1082128
95,"Sep 7, 2007",Hatchet,1500000,175281,240396,415677,-1084323
2,"Nov 21, 2014",The Sleepwalker,1100000,2636,2636,5272,-1094728
5,"Mar 23, 2010",Lake Mungo,1100000,0,0,0,-1100000
6,"Apr 7, 2015",Silent Running,1100000,0,0,0,-1100000
8,"Dec 31, 2013",The Vatican Exorcisms,1100000,0,0,0,-1100000
7,"Dec 31, 2010",The Dead Undead,1100000,0,0,0,-1100000
4,"Apr 7, 2009",Faith Like Potatoes,1100000,0,0,0,-1100000
81,"May 12, 2006",Goal! The Dream Begins,33000000,4283255,27610873,31894128,-1105872
93,"Sep 5, 2007",I Want Someone To Eat Cheese With,1500000,194568,194568,389136,-1110864
80,"Dec 31, 2008",Extreme Movie,1200000,0,81338,81338,-1118662
94,"Aug 19, 2011",Amigo,1500000,184705,184705,369410,-1130590
41,"Dec 19, 2003",The Hebrew Hammer,1300000,77755,90213,167968,-1132032
98,"Feb 5, 1936",Modern Times,1500000,163245,199747,362992,-1137008
91,"Jun 2, 2017",Churchill,10000000,1279681,7582196,8861877,-1138123
47,"Apr 15, 2005",House of D,2000000,388532,466106,854638,-1145362
76,"Jun 1, 2012","Pink Ribbons, Inc.",1200000,26608,26608,53216,-1146784
62,"May 1, 1998","Dancer, Texas Pop. 81",2300000,574838,574838,1149676,-1150324
96,"Oct 31, 2008",My Name is Bruce,1500000,173066,173066,346132,-1153868
69,"Mar 30, 2016",Everybody Wants Some,10000000,3400278,5437126,8837404,-1162596
77,"Jan 12, 2001",Antitrust,30000000,10965209,17865209,28830418,-1169582
77,"Feb 6, 2018",Blood Feast,1200000,8708,8708,17416,-1182584
78,"Feb 11, 2011",Certifiably Jonathan,1200000,7826,7826,15652,-1184348
38,"Dec 25, 2008",The Spirit,60000000,19806188,39006188,58812376,-1187624
79,"Sep 18, 2015",La navaja de Don Juan,1200000,4254,4254,8508,-1191492
99,"May 31, 2013",The East,6500000,2274649,3027956,5302605,-1197395
100,"Oct 25, 2013",The Square,1500000,124244,176262,300506,-1199494
84,"Sep 7, 2012",Crowsnest,1200000,0,0,0,-1200000
87,"Feb 3, 2015",Bleeding Hearts,1200000,0,0,0,-1200000
44,"Aug 1, 1944",Wilson,5200000,2000000,2000000,4000000,-1200000
89,"Dec 31, 2017",The Islands,1200000,0,0,0,-1200000
86,"Sep 9, 2014",Cotton Comes to Harlem,1200000,0,0,0,-1200000
85,"Sep 14, 2012",Airborne,1200000,0,0,0,-1200000
81,"Oct 20, 1936",The Charge of the Light Brigade,1200000,0,0,0,-1200000
88,"Dec 31, 2013",The Wicked Within,1200000,0,0,0,-1200000
82,"Jun 18, 2004",Grand Theft Parsons,1200000,0,0,0,-1200000
83,"Aug 28, 2012",Below Zero,1200000,0,0,0,-1200000
99,"May 11, 2007",The Salon,1500000,139084,139084,278168,-1221832
42,"Jun 13, 2014",Los insolitos peces gato,1300000,11278,54665,65943,-1234057
56,"Jan 13, 2015",Da Sweet Blood of Jesus,1250000,0,0,0,-1250000
55,"Oct 28, 1941",How Green Was My Valley,1250000,0,0,0,-1250000
3,"Sep 28, 2005",Forty Shades of Blue,1500000,75828,172569,248397,-1251603
91,"Nov 10, 1999",Light It Up,13000000,5871603,5871603,11743206,-1256794
1,"Mar 22, 2002",Stolen Summer,1500000,119841,119841,239682,-1260318
38,"Jan 29, 1982",The Border,13500000,6118683,6118683,12237366,-1262634
7,"Oct 17, 2014",Housebound,1500000,0,236863,236863,-1263137
2,"Mar 6, 2015",Road Hard,1500000,113169,113169,226338,-1273662
54,"Sep 9, 2005",The Man,20000000,8330720,10393696,18724416,-1275584
44,"May 24, 2011",Forget Me Not,1300000,0,13465,13465,-1286535
12,"Apr 22, 1988",Lady in White,4700000,1705139,1705139,3410278,-1289722
45,"Jun 8, 2010",The 41-Year-Old Virgin Who Knocked Up Sarah Marshall and Felt Superbad About It,1300000,0,0,0,-1300000
46,"Jun 26, 2015",The Algerian,1300000,0,0,0,-1300000
24,"Sep 17, 2004",Incident at Loch Ness,1400000,36830,56073,92903,-1307097
57,"Jan 27, 2006",Bubble,1600000,145382,145382,290764,-1309236
2,"Jan 25, 2008",How She Move,17000000,7070641,8607815,15678456,-1321544
58,"Sep 23, 2005",Dil Jo Bhi Kahey...,1600000,129319,129319,258638,-1341362
29,"Jul 6, 1966",Batman - The Movie,1377800,0,0,0,-1377800
84,"Feb 21, 2003",The Life of David Gale,50000000,19694635,28920188,48614823,-1385177
42,"Aug 19, 2011",Nannerl la soeur de Mozart,4500000,707885,2404639,3112524,-1387476
49,"Jul 26, 1996",Stonewall,2000000,304602,304602,609204,-1390796
29,"Sep 15, 2010",Never Let Me Go,15000000,2434652,11173718,13608370,-1391630
4,"Oct 9, 2009",Trucker,1500000,52429,52429,104858,-1395142
25,"Apr 5, 2013",Eddie: The Sleepwalking Cannibal,1400000,1632,1632,3264,-1396736
28,"Dec 31, 2014",House at the End of the Drive,1400000,0,0,0,-1400000
27,"Dec 31, 2014",Kurmanjan datka,1400000,0,0,0,-1400000
26,"May 1, 2010",My Girlfriend's Boyfriend,1400000,0,0,0,-1400000
31,"Mar 1, 2013",The Lost Medallion: The Adventures of Billy Stone,2500000,549632,549632,1099264,-1400736
8,"Jul 20, 2018",Teefa in Trouble,1500000,0,98806,98806,-1401194
73,"Feb 9, 2007",The Last Sin Eater,2200000,388390,388390,776780,-1423220
4,"Aug 24, 2012",The Apparition,17000000,4936819,10637281,15574100,-1425900
77,"Jun 5, 2009",Away We Go,21000000,9451946,10108016,19559962,-1440038
9,"Nov 4, 2005",Wal-Mart: The High Cost of Low Price,1500000,0,58692,58692,-1441308
68,"Nov 16, 2001",Novocaine,6000000,2025238,2522928,4548166,-1451834
55,"Sep 1, 2006",Idiocracy,2400000,444093,500296,944389,-1455611
6,"Jan 20, 2012",Jin lÃ­ng shÃ­ san chai,100000000,311434,98227017,98538451,-1461549
33,"May 6, 2011",Hobo with a Shotgun,3000000,703372,834953,1538325,-1461675
5,"May 29, 2009",Pontypool,1500000,3865,31916,35781,-1464219
80,"May 29, 2002",Elling,2100000,313436,313436,626872,-1473128
10,"Apr 17, 2014",Closer to the Moon,1500000,0,5396,5396,-1494604
6,"Sep 28, 2015","Me, You and Five Bucks",1500000,2105,2105,4210,-1495790
16,"Nov 20, 2015",#Horror,1500000,0,0,0,-1500000
11,"Mar 17, 2006",Fetching Cody,1500000,0,0,0,-1500000
38,"Apr 23, 1986",Salvador,4500000,1500000,1500000,3000000,-1500000
14,"Feb 13, 2015",Girlhouse,1500000,0,0,0,-1500000
15,"May 26, 2015",Mutant World,1500000,0,0,0,-1500000
13,"Nov 11, 2014",Once Upon a Time in Queens,1500000,0,0,0,-1500000
17,"Sep 8, 2015",Checkmate,1500000,0,0,0,-1500000
12,"Jun 3, 2011",The Lion of Judah,1500000,0,0,0,-1500000
77,"Oct 23, 2015",Bone Tomahawk,2000000,0,475846,475846,-1524154
82,"Jun 5, 2015",Testament of Youth,10000000,1822250,6646669,8468919,-1531081
50,"Aug 27, 2004",Superbabies: Baby Geniuses 2,20000000,9109322,9355369,18464691,-1535309
34,"May 8, 2015",The D Train,3000000,669688,772366,1442054,-1557946
62,"Aug 5, 1955",The Kingâs Thief,1577000,0,0,0,-1577000
34,"Apr 1, 2011",Super,2500000,327716,593933,921649,-1578351
48,"Feb 1, 2019",Braid,1660000,0,80745,80745,-1579255
49,"Dec 4, 2009",Everybody's Fine,20000000,9208876,9208876,18417752,-1582248
61,"Nov 4, 2005",I Love Your Work,1600000,3264,3264,6528,-1593472
38,"Sep 19, 2003",Anything Else,18000000,3203044,13203044,16406088,-1593912
13,"Jul 26, 2013",Stranded,1900000,0,285593,285593,-1614407
68,"Oct 14, 2016",Max Steel,10000000,3818664,4563080,8381744,-1618256
85,"Apr 5, 2002",Lucky Break,6000000,54606,4316497,4371103,-1628897
51,"Feb 13, 2015",The Last Five Years,2000000,147299,205298,352597,-1647403
33,"Mar 31, 2006",Marilyn Hotchkiss' Ballroom Dancing and Charm School,2500000,349132,497195,846327,-1653673
92,"Dec 3, 1999",The End of the Affair,23000000,10660147,10660147,21320294,-1679706
78,"Sep 7, 2001",Rock Star,38000000,16991902,19317765,36309667,-1690333
96,"Feb 4, 1983",Videodrome,5952000,2120439,2120439,4240878,-1711122
13,"Dec 2, 2016",Believe,3500000,890303,890303,1780606,-1719394
14,"Apr 19, 2000",La otra conquista,3500000,886410,886410,1772820,-1727180
52,"Sep 18, 1998",Six-String Samurai,2000000,134624,134624,269248,-1730752
12,"Jun 29, 2007",Chacun sa nuit,1900000,18435,139317,157752,-1742248
38,"Apr 23, 2019",Living Dark: The Story of Ted the Caver,1750000,0,0,0,-1750000
8,"Oct 9, 2009",The Damned United,6400000,449865,4199874,4649739,-1750261
53,"May 26, 2000",Hum to Mohabbt Karega,2000000,121807,121807,243614,-1756386
34,"Jan 8, 2008",White Noise 2: The Light,10000000,0,8243567,8243567,-1756433
43,"Oct 1, 2010",Chain Letter,3000000,205842,1022453,1228295,-1771705
79,"Jun 21, 1985",Lifeforce,25000000,11603545,11603545,23207090,-1792910
55,"Jan 29, 2010",Saint John of Las Vegas,2000000,102645,102645,205290,-1794710
28,"Jan 1, 1993",Ed and his Dead Mother,1800000,673,673,1346,-1798654
30,"Mar 13, 2007",Sublime,1800000,0,0,0,-1800000
29,"Dec 31, 2009",Deadline,1800000,0,0,0,-1800000
31,"Feb 3, 2012",Dysfunctional Friends,1800000,0,0,0,-1800000
32,"Dec 31, 2013",Independence Daysaster,1800000,0,0,0,-1800000
33,"Mar 11, 2014",Against the Wild,1800000,0,0,0,-1800000
34,"Oct 20, 2015",Beginnerâs Guide to Sex,1800000,0,0,0,-1800000
75,"Dec 22, 2000",The House of Mirth,10000000,3041803,5149131,8190934,-1809066
71,"Aug 14, 2009",Bandslam,20000000,5210988,12967829,18178817,-1821183
88,"Sep 15, 2006",Artie Lange's Beer League,2800000,475000,475000,950000,-1850000
56,"Apr 15, 1998",24 7: Twenty Four Seven,2000000,72544,72544,145088,-1854912
57,"Sep 19, 2014",Pump,2000000,72277,72277,144554,-1855446
52,"Apr 28, 2006",The Lost City,9600000,2484186,5256839,7741025,-1858975
5,"Oct 3, 2008",Blindness,25000000,3073392,20052958,23126350,-1873650
59,"May 4, 2001",Eureka,2000000,49388,76654,126042,-1873958
37,"Oct 31, 2008",The Other End of the Line,2500000,115504,507446,622950,-1877050
12,"Oct 20, 1995",Mallrats,6100000,2108367,2108367,4216734,-1883266
14,"Dec 31, 2015",Vaalu,1900000,0,12444,12444,-1887556
78,"Dec 10, 2004",Freeze Frame,2000000,0,105377,105377,-1894623
49,"Apr 9, 2010",After.Life,4500000,108596,2481925,2590521,-1909479
61,"Jul 18, 2003",This Thing of Ours,2000000,37227,37227,74454,-1925546
63,"Feb 3, 2017",Growing up Smith,2000000,35312,35312,70624,-1929376
79,"Apr 1, 2013",Stitches,2000000,0,63555,63555,-1936445
64,"Mar 20, 2009",Super Capers,2000000,30955,30955,61910,-1938090
56,"Apr 24, 1992",A Midnight Clear,5000000,1526697,1526697,3053394,-1946606
3,"Apr 21, 2015",The Marine 4,1950000,0,0,0,-1950000
65,"Jan 1, 1993",Return of the Living Dead 3,2000000,21000,21000,42000,-1958000
32,"Dec 31, 2008",Ca$h,13700000,0,11738256,11738256,-1961744
66,"Nov 20, 2009",The Missing Person,2000000,17896,17896,35792,-1964208
67,"Oct 19, 2012",The First Time,2000000,17061,17061,34122,-1965878
73,"Sep 13, 2013",Plush,2000000,3080,28864,31944,-1968056
68,"Feb 10, 2006",London,2000000,12667,12667,25334,-1974666
69,"Aug 27, 2010",Circle,2000000,10024,10024,20048,-1979952
71,"Jun 11, 2010",Jerusalema,2000000,7294,10679,17973,-1982027
38,"May 2, 2008",Redbelt,7000000,2344847,2667084,5011931,-1988069
72,"Jun 23, 2006",Say Uncle,2000000,5361,5361,10722,-1989278
74,"Oct 26, 2012",The Ghastly Love of Johnny X,2000000,2436,2436,4872,-1995128
6,"Dec 12, 2008",Los CronocrÃ­menes,2600000,39127,564474,603601,-1996399
80,"Dec 31, 2015","To Be Frank, Sinatra at 100",2000000,0,926,926,-1999074
93,"Dec 31, 2001",Pendulum,2000000,0,0,0,-2000000
91,"Jul 9, 2013",Coffee Town,2000000,0,0,0,-2000000
92,"Dec 31, 2014",Lucky Dog,2000000,0,0,0,-2000000
98,"Aug 21, 2015",The Curse of Downers Grove,2000000,0,0,0,-2000000
94,"Oct 16, 1966",A Funny Thing Happened on the Way to the Forum,2000000,0,0,0,-2000000
97,"Dec 31, 2011",True Bromance,2000000,0,0,0,-2000000
96,"Mar 20, 2015",The Walking Deceased,2000000,0,0,0,-2000000
90,"Feb 8, 2013",Small Apartments,2000000,0,0,0,-2000000
83,"Oct 14, 2008",No Man's Land: The Rise of Reeker,2000000,0,0,0,-2000000
89,"Dec 31, 2012",Highway,2000000,0,0,0,-2000000
88,"Mar 30, 2012",The Legend of Hellâs Gate: An American Conspiracy,2000000,0,0,0,-2000000
87,"Mar 19, 2013",Straight A's,2000000,0,0,0,-2000000
86,"Mar 17, 2015",The Lady from Shanghai,2000000,0,0,0,-2000000
85,"Aug 12, 1927",Wings,2000000,0,0,0,-2000000
84,"Jul 7, 2007",Rockaway,2000000,0,0,0,-2000000
99,"Dec 31, 2015",Wind Walkers,2000000,0,0,0,-2000000
82,"Dec 31, 2009",Nine Dead,2000000,0,0,0,-2000000
100,"Jul 8, 2016",The Dog Lover,2000000,0,0,0,-2000000
1,"Dec 1, 2015",Shark Lake,2000000,0,0,0,-2000000
81,"Apr 28, 1971",Bananas,2000000,0,0,0,-2000000
95,"Sep 23, 2008",Slacker Uprising,2000000,0,0,0,-2000000
78,"Aug 11, 2006",Casa de Areia,3750000,539285,1178175,1717460,-2032540
17,"Aug 21, 2009",Post Grad,15000000,6382178,6563402,12945580,-2054420
87,"Oct 18, 2002",Abandon,25000000,10719367,12219367,22938734,-2061266
23,"Jun 26, 2009",Surveillance,3500000,27349,1396395,1423744,-2076256
52,"May 13, 2011",Go For It!,2450000,180237,182358,362595,-2087405
81,"Oct 16, 2016",Mi America,2100000,3330,3330,6660,-2093340
85,"Oct 6, 2015",The Timber,2100000,0,0,0,-2100000
84,"Dec 31, 2010",Lies in Plain Sight,2100000,0,0,0,-2100000
83,"Dec 31, 2012",Infected,2100000,0,0,0,-2100000
86,"Jan 19, 2016",Sharkskin,2100000,0,0,0,-2100000
57,"Apr 15, 2008",Ã l\'intÃ©rieur,3000000,0,895932,895932,-2104068
2,"Jun 1, 2007",Gracie,9000000,2956339,3922043,6878382,-2121618
76,"Dec 31, 2005",Chicken Tikka Masala,2160000,0,37865,37865,-2122135
100,"Mar 9, 2007",The Ultimate Gift,9000000,3438735,3438735,6877470,-2122530
18,"Jun 6, 1986",Invaders from Mars,12000000,4884663,4984663,9869326,-2130674
77,"Oct 7, 2008",Jack Brooks: Monster Slayer,2150000,0,0,0,-2150000
35,"Nov 14, 2008",Fuel,2500000,174255,174255,348510,-2151490
17,"Jun 20, 2003",From Justin to Kelly,12000000,4922166,4922166,9844332,-2155668
23,"Sep 30, 2005",MirrorMask,4000000,864959,973613,1838572,-2161428
37,"Mar 26, 1999",EDtv,60000000,22508689,35319689,57828378,-2171622
63,"Sep 5, 2014",Frontera,2300000,59696,59696,119392,-2180608
37,"Jun 2, 2006",Banlieue 13,15000000,1200216,11599903,12800119,-2199881
74,"Dec 31, 2008",Impact Point,2200000,0,0,0,-2200000
40,"Oct 18, 2002",Auto Focus,7000000,2062066,2703821,4765887,-2234113
19,"Mar 22, 1996",Girl 6,12000000,4880941,4880941,9761882,-2238118
64,"Aug 26, 2011",Redemption Road,2300000,29384,29384,58768,-2241232
39,"Dec 9, 2016",The Bounce Back,3000000,321910,421404,743314,-2256686
36,"Apr 9, 2010",Valley of the Hearts Delight,2500000,118666,118666,237332,-2262668
16,"Mar 18, 2016",The Bronze,3500000,615816,615816,1231632,-2268368
78,"Apr 8, 2011",Your Highness,50000000,21596445,26121638,47718083,-2281917
37,"Sep 5, 2008",Everybody Wants to Be Italian,3000000,351416,351416,702832,-2297168
38,"Jun 18, 2010",8: The Mormon Proposition,2500000,100280,100280,200560,-2299440
65,"Apr 15, 2015",The Toxic Avenger Part II,2300000,0,0,0,-2300000
66,"Jan 19, 2016",Eden,2300000,0,0,0,-2300000
67,"Jun 19, 1987",The Brave Little Toaster,2300000,0,0,0,-2300000
39,"Apr 17, 2009",Sleep Dealer,2500000,80136,108907,189043,-2310957
65,"Dec 29, 1995",Richard III,9200000,2684904,4199334,6884238,-2315762
38,"Sep 9, 2011",Creature,3000000,331000,331000,662000,-2338000
40,"Aug 24, 2007",Eye of the Dolphin,2500000,72210,72260,144470,-2355530
43,"Aug 27, 1999",Dudley Do-Right,22000000,9818792,9818792,19637584,-2362416
57,"Nov 14, 2014",Always Woodstock,2400000,0,0,0,-2400000
24,"Mar 31, 1987",The Barbarians,4000000,800000,800000,1600000,-2400000
40,"Aug 23, 1996",Freeway,3000000,295493,295493,590986,-2409014
39,"Apr 23, 2004",L\'incomparable mademoiselle C.,3400000,493905,493905,987810,-2412190
100,"Oct 21, 2005",The Work and the Glory: American Zion,6500000,2025032,2025032,4050064,-2449936
60,"Sep 22, 2006",Feast,3200000,56131,690872,747003,-2452997
29,"Mar 7, 2014",The Face of Love,4000000,385069,1158877,1543946,-2456054
13,"Sep 26, 2017","Mune, le gardien de la lune",17000000,0,14534046,14534046,-2465954
52,"Sep 4, 2015",Before We Go,3000000,37151,483938,521089,-2478911
42,"Sep 8, 2000",Anatomie,2500000,9598,9598,19196,-2480804
41,"Oct 6, 2006",Love's Abiding Joy,3000000,252726,252726,505452,-2494548
48,"Oct 13, 2015",8 Days,2500000,0,0,0,-2500000
45,"Dec 31, 2010",Christmas Mail,2500000,0,0,0,-2500000
43,"Dec 31, 2009",The Calling,2500000,0,0,0,-2500000
51,"Dec 31, 2014",Not Safe For Work,2500000,0,0,0,-2500000
44,"Jun 21, 2013",Alien Uprising,2500000,0,0,0,-2500000
50,"Feb 2, 2016",The Rise of the Krays,2500000,0,0,0,-2500000
46,"Jul 3, 2015",Stung,2500000,0,0,0,-2500000
49,"Sep 2, 2016",Antibirth,2500000,0,0,0,-2500000
47,"Sep 1, 2017",Sky Sharks,2500000,0,0,0,-2500000
42,"Feb 12, 1993",Dead Alive,3000000,242623,242623,485246,-2514754
8,"Dec 7, 2007",Timber Falls,2600000,0,71248,71248,-2528752
44,"Mar 2, 2012",Tim and Eric's Billion Dollar Movie,3000000,201436,223652,425088,-2574912
28,"Oct 29, 2010",Wild Target,8000000,109338,5314194,5423532,-2576468
10,"Apr 1, 2011","Fat, Sick & Nearly Dead",2600000,0,0,0,-2600000
9,"Dec 31, 2008",Silver Medalist,2600000,0,0,0,-2600000
68,"Jun 24, 2016",The Neon Demon,7500000,1333124,3559803,4892927,-2607073
99,"Jan 16, 1998",The Dress,2650000,16556,16556,33112,-2616888
80,"Oct 1, 2010",Freakonomics,2900000,101270,172867,274137,-2625863
28,"Nov 1, 2016",Reign of Assassins,14000000,0,11354230,11354230,-2645770
98,"Jan 12, 1956",Diane,2660000,0,0,0,-2660000
39,"Aug 27, 1999",A Dog of Flanders,7000000,2165637,2165637,4331274,-2668726
45,"Nov 9, 2007",Holly,3000000,163069,163069,326138,-2673862
33,"Jan 22, 2010",Extraordinary Measures,31000000,12482741,15826984,28309725,-2690275
2,"Sep 26, 2003",The Gospel of John,11000000,4068087,4234355,8302442,-2697558
45,"Aug 5, 2005",Saint Ralph,5200000,795126,1695126,2490252,-2709748
18,"Aug 21, 2009",Der Baader Meinhof Komplex,19700000,476270,16498827,16975097,-2724903
1,"Sep 29, 2000",Beautiful,9000000,3134509,3134509,6269018,-2730982
46,"Mar 26, 2010",The Eclipse,3000000,133411,133411,266822,-2733178
67,"Aug 3, 2007","Gandhi, My Father",5000000,240425,2015004,2255429,-2744571
47,"Jan 9, 1998",Firestorm,19000000,8123860,8123860,16247720,-2752280
21,"Feb 22, 2008",Charlie Bartlett,12000000,3950294,5295909,9246203,-2753797
47,"Mar 21, 2008",The Grand,3000000,115879,115879,231758,-2768242
83,"Jul 1, 1986",Big Trouble in Little China,25000000,11100000,11100000,22200000,-2800000
48,"Mar 17, 2006",Sommersturm,3000000,95204,95204,190408,-2809592
53,"Jan 13, 2012",The Divide,3000000,18000,156362,174362,-2825638
38,"Mar 1, 2013",Ernest et Celestine,12500000,292562,9376444,9669006,-2830994
49,"Aug 15, 2014",Fort McCoy,3000000,78948,78948,157896,-2842104
50,"Aug 4, 1999",The Gambler,3000000,51773,101773,153546,-2846454
81,"Aug 19, 2011",Griff the Invisible,2900000,20778,25935,46713,-2853287
85,"Mar 28, 2008",Stop-Loss,25000000,10915744,11229035,22144779,-2855221
27,"Feb 28, 2003",Poolhall Junkies,4000000,563711,563711,1127422,-2872578
37,"Aug 25, 2017",Polina danser sa vie,4000000,165203,953314,1118517,-2881483
58,"Sep 21, 1992",Light Sleeper,5000000,1050861,1050861,2101722,-2898278
58,"Jun 27, 2014",They Came Together,3000000,0,82780,82780,-2917220
51,"Oct 13, 2000",Just Looking,3000000,39852,39852,79704,-2920296
22,"Mar 9, 2018",The Hurricane Heist,40000000,6115824,30963684,37079508,-2920492
83,"Sep 9, 2005",An Unfinished Life,30000000,8535575,18535575,27071150,-2928850
59,"May 21, 2013",Open Road,3000000,0,47469,47469,-2952531
86,"Oct 10, 2008",Billy: The Early Years of Billy Graham,3600000,320896,320896,641792,-2958208
94,"May 4, 2007","Paris, je t'aime",13000000,4857374,5175088,10032462,-2967538
63,"Apr 12, 2013",Antiviral,3100000,0,123407,123407,-2976593
54,"Sep 9, 2011",Tanner Hall,3000000,5073,5073,10146,-2989854
55,"Sep 30, 2005",My Big Fat Independent Movie,3000000,4655,4655,9310,-2990690
92,"Aug 24, 2001",Bubble Boy,13000000,5002310,5002310,10004620,-2995380
61,"Oct 1, 2010",Barry Munday,3000000,0,0,0,-3000000
71,"Dec 31, 2009",Four Single Fathers,3000000,0,0,0,-3000000
63,"Dec 31, 2009",Chicago Overcoat,3000000,0,0,0,-3000000
64,"Sep 13, 2011",Never Back Down 2: The Beatdown,3000000,0,0,0,-3000000
65,"Dec 31, 2015",AWOL-72,3000000,0,0,0,-3000000
66,"Jan 15, 2013",30 Nights Of Paranormal Activity With The Devil Inside The Girl With The Dragon Tattoo,3000000,0,0,0,-3000000
67,"Feb 6, 2015",Enter the Dangerous Mind,3000000,0,0,0,-3000000
68,"Mar 17, 2015",Something Wicked,3000000,0,0,0,-3000000
69,"Sep 18, 1967",Point Blank,3000000,0,0,0,-3000000
70,"Oct 27, 2014",Iguana,3000000,0,0,0,-3000000
73,"Dec 31, 2015",Unnatural,3000000,0,0,0,-3000000
72,"Aug 14, 2015",Amnesiac,3000000,0,0,0,-3000000
60,"Jul 28, 1951",Alice in Wonderland,3000000,0,0,0,-3000000
74,"Dec 11, 2015",Close Range,3000000,0,0,0,-3000000
62,"Dec 31, 2009",The Deported,3000000,0,0,0,-3000000
52,"Nov 18, 2011",Another Happy Day,4000000,9120,978527,987647,-3012353
17,"Mar 11, 2016",The Young Messiah,16800000,6469813,7313697,13783510,-3016490
18,"Sep 14, 2007",Ira and Abby,3500000,221096,221096,442192,-3057808
43,"Mar 14, 2003",Spun,4500000,410241,1022649,1432890,-3067110
59,"Jul 25, 2008",American Teen,5000000,942441,989319,1931760,-3068240
41,"Jun 19, 2015",Manglehorn,4000000,132270,797439,929709,-3070291
41,"Mar 27, 1998",Karakter,4500000,713413,713413,1426826,-3073174
46,"Oct 7, 2011",Blackthorn,4500000,200558,1217307,1417865,-3082135
40,"Oct 16, 2015",CÃ¬kÃ¨ NiÃ¨ YinniÃ¡ng,15000000,632542,11279884,11912426,-3087574
24,"Nov 25, 2015",Victor Frankenstein,40000000,5775076,31124367,36899443,-3100557
56,"Jul 13, 2012",Red Lights,17700000,49521,14518884,14568405,-3131595
19,"Jan 8, 2016",The Masked Saint,3500000,182695,182695,365390,-3134610
64,"Jun 6, 2014",Anna,4357373,0,1200000,1200000,-3157373
69,"Feb 6, 2009",Polytechnique,6000000,1418304,1418304,2836608,-3163392
63,"Nov 27, 2013",Black Nativity,17500000,7018188,7285135,14303323,-3196677
22,"May 28, 2008",Savage Grace,4600000,434417,968805,1403222,-3196778
28,"May 28, 1999",The Loss of Sexual Innocence,4000000,399793,399793,799586,-3200414
41,"Oct 21, 2011",The Mighty Macs,7000000,1891936,1891936,3783872,-3216128
48,"Feb 27, 2015",Praia do Futuro,4000000,20620,760678,781298,-3218702
52,"Oct 29, 1999",Dreaming of Joseph Lees,3250000,7680,7680,15360,-3234640
76,"Sep 27, 1996",Extreme Measures,38000000,17378193,17378193,34756386,-3243614
38,"Apr 10, 2015",Desert Dancer,4000000,155271,596335,751606,-3248394
48,"Jan 20, 2015",The Opposite Sex,3300000,0,50206,50206,-3249794
30,"Apr 11, 2014",Joe,4000000,373375,373375,746750,-3253250
47,"Dec 29, 2006",The Dead Girl,3300000,19875,19875,39750,-3260250
20,"Feb 17, 2006",Winter Passing,3500000,107492,113783,221275,-3278725
47,"May 8, 2015",Maggie,4500000,187112,1027760,1214872,-3285128
70,"Oct 4, 1996",Crash,10000000,3357324,3357324,6714648,-3285352
47,"Apr 22, 2011",Stake Land,4000000,33245,679482,712727,-3287273
31,"Mar 4, 1988",Prison,4000000,354704,354704,709408,-3290592
60,"Sep 12, 2014",Atlas Shrugged: Who Is John Galt?,5000000,851690,851690,1703380,-3296620
21,"Mar 25, 2005",D.E.B.S.,3500000,96793,96793,193586,-3306414
33,"May 8, 2009",Adoration,4000000,294244,384244,678488,-3321512
71,"Oct 12, 2012",Atlas Shrugged: Part II,10000000,3336053,3336053,6672106,-3327894
71,"Sep 14, 2018",Mandy,6000000,1214525,1427656,2642181,-3357819
61,"Aug 29, 2003",Party Monster,5000000,742898,894030,1636928,-3363072
40,"Jul 11, 2008",August,3400000,12636,12636,25272,-3374728
42,"Feb 16, 1956",Carousel,3380000,0,3604,3604,-3376396
26,"Oct 3, 2003",Wonderland,5500000,1060512,1060512,2121024,-3378976
39,"Sep 29, 2017","Don Gato, el inicio de la pandilla",8000000,0,4604656,4604656,-3395344
32,"May 1, 1998",Shooting Fish,4000000,302204,302204,604408,-3395592
41,"Mar 3, 2015",To Write Love On Her Arms,3400000,0,0,0,-3400000
88,"Sep 16, 2011",Straw Dogs,25000000,10324441,11253821,21578262,-3421738
87,"Dec 31, 2017",UtÃ¸ya 22. juli,3600000,0,173156,173156,-3426844
45,"Nov 15, 2013",The Christmas Candle,7000000,1632000,1933829,3565829,-3434171
73,"Apr 30, 2010",The Good Heart,3800000,20930,340930,361860,-3438140
34,"Sep 1, 2015",Lords of London,3440000,0,0,0,-3440000
22,"Jun 3, 2016",Time to Choose,3500000,29233,29233,58466,-3441534
72,"Feb 4, 1994",Romeo Is Bleeding,10000000,3275585,3275585,6551170,-3448830
10,"Jan 1, 1991",Showdown in Little Tokyo,8000000,2275557,2275557,4551114,-3448886
42,"Apr 4, 2014",Under the Skin,13300000,2614251,7229933,9844184,-3455816
25,"Dec 31, 2011",The Kick,3500000,0,40622,40622,-3459378
34,"Aug 4, 2000",Psycho Beach Party,4000000,267972,267972,535944,-3464056
24,"Sep 17, 1999",Taxman,3500000,9871,9871,19742,-3480258
84,"Dec 31, 2008",The Cottage,5000000,0,1504960,1504960,-3495040
30,"Mar 11, 2014",In the Name of the King III,3500000,0,0,0,-3500000
29,"Jan 29, 2013","Batman: The Dark Knight Returns, Part 2",3500000,0,0,0,-3500000
28,"Jun 28, 2011",2:13,3500000,0,0,0,-3500000
27,"Oct 1, 2006",The Secret,3500000,0,0,0,-3500000
26,"Jun 30, 2009",The Betrayed,3500000,0,0,0,-3500000
31,"Mar 4, 2014",Wicked Blood,3500000,0,0,0,-3500000
32,"Jun 5, 2015",Dawn Patrol,3500000,0,0,0,-3500000
35,"Jun 7, 2019",Late Night,4000000,246305,246305,492610,-3507390
64,"Aug 16, 2013",Ain't Them Bodies Saints,5000000,391611,1075009,1466620,-3533380
86,"Oct 8, 1993",Gettysburg,25000000,10731997,10731997,21463994,-3536006
55,"Jun 4, 1999",Limbo,8300000,2160710,2598224,4758934,-3541066
14,"Jun 23, 2009",Chasseurs de dragons,17000000,0,13446115,13446115,-3553885
56,"Mar 20, 2012",A Lonely Place to Die,4000000,0,442550,442550,-3557450
77,"Nov 21, 2007",Iâm Not There,20000000,4017609,12397613,16415222,-3584778
23,"Mar 22, 1989",Troop Beverly Hills,18000000,7190505,7190505,14381010,-3618990
36,"Jan 28, 2000",The Big Tease,4000000,185577,185577,371154,-3628846
8,"Nov 6, 1998",Velvet Goldmine,9000000,1053788,4313644,5367432,-3632568
1,"Nov 13, 2009",The Messenger,6500000,1109660,1744952,2854612,-3645388
80,"Feb 19, 2010",Defendor,3750000,44462,44462,88924,-3661076
44,"Feb 2, 2007",Factory Girl,7000000,1661464,1661464,3322928,-3677072
72,"Dec 7, 2001",The Business of Strangers,6000000,1030920,1290920,2321840,-3678160
74,"Nov 14, 2014",Rosewater,10000000,3128941,3185717,6314658,-3685342
41,"Aug 3, 2007",The Ten,5250000,769726,786677,1556403,-3693597
40,"Jul 25, 2003",Mondays in the Sun,4000000,146402,146402,292804,-3707196
72,"Jan 14, 2011",Down for Life,3800000,41914,41914,83828,-3716172
17,"Mar 5, 2010",The Secret of Kells,8000000,690290,3582797,4273087,-3726913
55,"Jan 5, 2007",Code Name: The Cleaner,20000000,8135024,8135024,16270048,-3729952
66,"Sep 26, 2014",Jimi: All is By My Side,5000000,340911,927074,1267985,-3732015
43,"Apr 1, 2011",Trust,4000000,120016,120016,240032,-3759968
89,"Aug 13, 1999",Brokedown Palace,25000000,10115014,11115766,21230780,-3769220
74,"Apr 7, 1965",Major Dundee,3800000,14873,14873,29746,-3770254
30,"May 21, 2010",Solitary Man,12500000,4360548,4360548,8721096,-3778904
75,"Oct 5, 2018",Hevi reissu,3800000,10153,10153,20306,-3779694
5,"Dec 25, 2018",Destroyer,9000000,1533324,3681096,5214420,-3785580
76,"Dec 31, 1974",The Taking of Pelham One Two Three,3800000,0,0,0,-3800000
13,"Oct 23, 2009",Astro Boy,65000000,19551067,41636243,61187310,-3812690
77,"Jun 2, 2006",Peaceful Warrior,10000000,2893666,3260179,6153845,-3846155
44,"Dec 22, 2000",An Everlasting Piece,4000000,75078,75078,150156,-3849844
23,"Oct 19, 2007",Out of the Blue,4600000,728,731767,732495,-3867505
45,"Mar 26, 1999",Among Giants,4000000,64359,64359,128718,-3871282
73,"Oct 21, 2011",Cargo,4200000,0,313230,313230,-3886770
57,"Apr 16, 2004",Connie & Carla,20000000,8047525,8047525,16095050,-3904950
16,"May 18, 2007",Severance,10000000,137221,5950002,6087223,-3912777
17,"Oct 27, 2006",Catch a Fire,14000000,4299773,5782198,10081971,-3918029
46,"Jul 16, 1999",The Velocity of Gary,4000000,34145,34145,68290,-3931710
62,"Jul 14, 2006",The Oh in Ohio,5000000,418689,648183,1066872,-3933128
57,"Dec 31, 2003",Nothing,4000000,0,63180,63180,-3936820
44,"Jul 23, 2010",Life During Wartime,4500000,281447,281447,562894,-3937106
51,"Apr 18, 2014",13 Sins,4000000,9134,47552,56686,-3943314
11,"Sep 25, 1998",Clay Pigeons,8000000,1793359,2256606,4049965,-3950035
49,"Dec 27, 2002",Sonny,4000000,17639,17639,35278,-3964722
50,"Jun 20, 1997",The Last Time I Committed Suicide,4000000,12836,12836,25672,-3974328
58,"Jun 1, 2012",The Loved Ones,4000000,0,12302,12302,-3987698
53,"Feb 22, 2013",Inescapable,4000000,4327,4327,8654,-3991346
72,"May 28, 2010",George A. Romero's Survival of the Dead,4200000,101740,101740,203480,-3996520
64,"Dec 31, 2015",The Veil,4000000,0,0,0,-4000000
61,"Aug 26, 2008",Purple Violets,4000000,0,0,0,-4000000
63,"Dec 31, 2012",The Helpers,4000000,0,0,0,-4000000
65,"Jul 11, 2014",The Perfect Wave,4000000,0,0,0,-4000000
62,"Nov 9, 2012",Replicas,4000000,0,0,0,-4000000
66,"Dec 31, 2012",How to Fall in Love,4000000,0,0,0,-4000000
67,"Sep 8, 2015",Chain of Command,4000000,0,0,0,-4000000
76,"May 1, 1987",Malone,10000000,3000000,3000000,6000000,-4000000
59,"Jan 1, 1969",Sweet Charity,20000000,8000000,8000000,16000000,-4000000
60,"Nov 15, 1930",Hell's Angels,4000000,0,0,0,-4000000
59,"Nov 9, 1972",1776,4000000,0,0,0,-4000000
70,"Apr 13, 2018",Borg vs McEnroe,7500000,231346,3257922,3489268,-4010732
90,"Jul 27, 2012",Killer Joe,10000000,1291645,4659110,5950755,-4049245
10,"Nov 10, 2006",Copying Beethoven,11000000,355968,6586324,6942292,-4057708
77,"Nov 16, 2007",Redacted,5000000,65388,861325,926713,-4073287
55,"Jun 28, 1985",Red Sonja,17900000,6905861,6908640,13814501,-4085499
49,"Jan 27, 2006",Imagine Me & You,7900000,672243,3129471,3801714,-4098286
6,"Oct 30, 2015",Regression,20000000,55039,15824374,15879413,-4120587
46,"Sep 25, 2009",I Hope They Serve Beer in Hell,7000000,1429299,1429453,2858752,-4141248
61,"Sep 16, 2005",Proof,20000000,7535331,8284331,15819662,-4180338
63,"Feb 21, 1996",Bottle Rocket,5000000,407488,407488,814976,-4185024
74,"May 23, 2006",High School Musical,4200000,0,0,0,-4200000
20,"Sep 15, 2000",Bait,35000000,15325127,15471969,30797096,-4202904
47,"Jun 13, 2014",The Rover,8500000,1109199,3180252,4289451,-4210549
13,"Oct 13, 2006",Driving Lessons,4700000,239962,239962,479924,-4220076
72,"Jan 28, 2005",Alone in the Dark,20000000,5178569,10588079,15766648,-4233352
60,"Dec 20, 2013",Dhoom 3,24000000,8031955,11723620,19755575,-4244425
83,"Dec 7, 2012",Deadfall,6000000,66351,1673635,1739986,-4260014
28,"Jul 20, 2007",Sunshine,40000000,3688560,32030610,35719170,-4280830
65,"Jan 17, 1997",Albino Alligator,5000000,353480,353480,706960,-4293040
82,"Apr 14, 2017",The Lost City of Z,30000000,8574339,17121823,25696162,-4303838
65,"Nov 18, 2016",Bleed for This,16000000,5083906,6603926,11687832,-4312168
50,"Feb 22, 2002",Mean Machine,4500000,92723,92723,185446,-4314554
95,"Oct 12, 2018",Beautiful Boy,25000000,7634767,13031424,20666191,-4333809
34,"Oct 14, 2011",Fireflies in the Garden,8000000,36884,3587191,3624075,-4375925
78,"Oct 17, 2014",Rudderless,5000000,56001,567219,623220,-4376780
13,"Apr 6, 2018",Lean on Pete,8000000,1163056,2455027,3618083,-4381917
51,"Aug 31, 2007",Fong juk,4500000,51957,51957,103914,-4396086
63,"Sep 29, 2015",R.L. Stine's Monsterville: The Cabinet of Souls,4400000,0,0,0,-4400000
83,"Apr 21, 2017",Free Fire,10000000,1799322,3793739,5593061,-4406939
52,"Jul 23, 2010",Spoken Word,4500000,32961,32961,65922,-4434078
2,"Jul 23, 2004",A Home at the End of the World,6500000,1029017,1033810,2062827,-4437173
68,"Apr 25, 2008",Standard Operating Procedure,5000000,228830,332120,560950,-4439050
81,"May 3, 2013",The Iceman,10000000,1930282,3623609,5553891,-4446109
15,"Jun 6, 2008",And When Did You Last See Your Father?,8000000,1071240,2476491,3547731,-4452269
74,"Aug 30, 1991",Beastmaster 2: Through the Portal of Time,6000000,773490,773490,1546980,-4453020
54,"Sep 4, 2014",Falcon Rising,4500000,11774,11774,23548,-4476452
38,"Apr 18, 2008",Life Before Her Eyes,12000000,303439,7203439,7506878,-4493122
48,"Mar 4, 2011",Take Me Home Tonight,19000000,6928068,7576604,14504672,-4495328
56,"Nov 7, 2014",Fugly,4500000,0,0,0,-4500000
59,"Dec 1, 2017",Daisy Winters,4500000,0,0,0,-4500000
58,"Nov 3, 2015",The Final Girls,4500000,0,0,0,-4500000
55,"Jun 25, 2013",Hansel & Gretel Get Baked,4500000,0,0,0,-4500000
57,"Aug 28, 2015",Zipper,4500000,0,0,0,-4500000
47,"Apr 8, 1983",Losin' It,7000000,1246141,1246141,2492282,-4507718
99,"Nov 14, 2003",Looney Tunes: Back in Action,80000000,20950820,54540662,75491482,-4508518
99,"Nov 13, 2009",The Boat That Rocked,50000000,8017467,37472651,45490118,-4509882
15,"Mar 26, 1999",A Walk on the Moon,14000000,4741987,4741987,9483974,-4516026
24,"Feb 21, 1986",Nine 1/2 Weeks,18000000,6734844,6734844,13469688,-4530312
11,"Jul 16, 2010",Standing Ovation,5600000,531806,531806,1063612,-4536388
19,"Jul 19, 2000",The In Crowd,15000000,5217498,5217498,10434996,-4565004
84,"May 8, 2009",Julia,6000000,65108,1365108,1430216,-4569784
72,"Sep 10, 2010","Lovely, Still",5000000,127564,282687,410251,-4589749
69,"Oct 19, 2007",Things We Lost in the Fire,16000000,3287315,8120148,11407463,-4592537
52,"Apr 2, 2014",Dom Hemingway,7000000,523511,1857458,2380969,-4619031
29,"Apr 18, 2008",Pathology,8000000,109045,3270974,3380019,-4619981
33,"May 5, 2015",Miss Julie,5500000,0,863895,863895,-4636105
67,"Sep 15, 2000",Duets,16000000,4734235,6615452,11349687,-4650313
14,"Dec 31, 2011",Without Men,4700000,0,0,0,-4700000
15,"Mar 10, 2015",Treading Water,4700000,0,0,0,-4700000
73,"Jun 29, 2007",Evening,30000000,12406646,12885574,25292220,-4707780
6,"Oct 24, 1997",Rien ne va plus,10000000,245359,5045359,5290718,-4709282
70,"Mar 27, 1998",No Looking Back,5000000,143273,143273,286546,-4713454
51,"Oct 2, 2015",Freeheld,7000000,546201,1732228,2278429,-4721571
71,"Aug 7, 2015",Cop Car,5000000,134552,143658,278210,-4721790
5,"Jul 17, 1996",Multiplicity,45000000,20133326,20133326,40266652,-4733348
73,"Jun 13, 2003",Tycoon,5000000,121016,121016,242032,-4757968
10,"May 7, 2004",New York Minute,40000000,14018364,21215882,35234246,-4765754
60,"Aug 6, 1999",Mystery Men,68000000,29762011,33462011,63224022,-4775978
8,"Dec 1, 2015",Grace of Monaco,30000000,0,25199891,25199891,-4800109
74,"Jun 4, 1999",Desert Blue,5000000,99147,99147,198294,-4801706
75,"Feb 27, 2004",Decoys,5000000,84733,96760,181493,-4818507
38,"Jul 19, 2013",Grabbers,5300000,0,440821,440821,-4859179
76,"May 30, 2008",Stuck,5000000,67505,67505,135010,-4864990
5,"Jan 18, 2008",All Hat,4900000,15198,15198,30396,-4869604
79,"Jan 28, 2005",Fascination,5000000,16670,83356,100026,-4899974
91,"Apr 19, 1996",Mrs. Winterbourne,25000000,10039566,10039566,20079132,-4920868
6,"Aug 18, 2006",Trust the Man,9000000,1530535,2548378,4078913,-4921087
26,"Jan 26, 2007",Blood and Chocolate,15000000,3526588,6551310,10077898,-4922102
85,"Dec 5, 2014",Dying of the Light,5000000,0,74639,74639,-4925361
7,"Jul 16, 2010",Valhalla Rising,5700000,30638,731613,762251,-4937749
78,"Sep 9, 2011",Bucky Larson: Born to Be a Star,10000000,2529395,2529395,5058790,-4941210
77,"Aug 11, 2000",AimÃ©e & Jaguar,6800000,927107,927107,1854214,-4945786
64,"Aug 18, 2015",Z Storm,7000000,0,2053330,2053330,-4946670
86,"Sep 2, 2016",Yoga Hosers,5000000,0,22958,22958,-4977042
75,"Jun 18, 1969",The Wild Bunch,6000000,509424,509424,1018848,-4981152
88,"Apr 16, 2010",The Joneses,10000000,1475746,3541565,5017311,-4982689
80,"Aug 14, 2009",Grace,5000000,8297,8297,16594,-4983406
81,"May 15, 2015",Area 51,5000000,7556,7556,15112,-4984888
4,"Aug 26, 2016",Greater,9000000,2000093,2000093,4000186,-4999814
90,"Nov 21, 2014",Reach Me,5000000,0,0,0,-5000000
100,"Oct 27, 2015",Running Forever,5000000,0,0,0,-5000000
88,"Jan 30, 2007",Farce of the Penguins,5000000,0,0,0,-5000000
93,"Jan 9, 2015",Let's Kill Ward's Wife,5000000,0,0,0,-5000000
89,"Dec 31, 2010",Psych 9,5000000,0,0,0,-5000000
91,"Aug 18, 2014",Henry & Me,5000000,0,0,0,-5000000
87,"Feb 17, 2009",Dead Like Me: Life After Death,5000000,0,0,0,-5000000
97,"Dec 31, 2015",Aztec Warrior,5000000,0,0,0,-5000000
92,"Jan 27, 2015",Born of War,5000000,0,0,0,-5000000
49,"Aug 5, 1977",March or Die,7000000,1000000,1000000,2000000,-5000000
94,"Jan 13, 2015",Capricorn One,5000000,0,0,0,-5000000
95,"Dec 31, 2011",We Have Your Husband,5000000,0,0,0,-5000000
96,"Dec 31, 2012",Should've Been Romeo,5000000,0,0,0,-5000000
99,"Mar 15, 2016",The Hatching,5000000,0,0,0,-5000000
98,"Sep 25, 2015",Navy SEAL vs. Zombies,5000000,0,0,0,-5000000
25,"Sep 16, 2011",Restless,8000000,163753,2772511,2936264,-5063736
93,"Jan 25, 2019",Serenity,25000000,8547045,11367029,19914074,-5085926
21,"Sep 24, 1999",Jakob the Liar,15000000,4956401,4956401,9912802,-5087198
81,"Dec 31, 2007",Alatriste,28000000,0,22860477,22860477,-5139523
2,"Oct 3, 2003",Foolproof,5800000,230312,421021,651333,-5148667
30,"Oct 5, 2012",Wuthering Heights,8000000,100915,2721534,2822449,-5177551
76,"Mar 25, 2011",The 5th Quarter,6000000,408159,408159,816318,-5183682
42,"Oct 27, 2000",A Room for Romeo Brass,5250000,20097,20097,40194,-5209806
44,"Jan 28, 2011",Biutiful,35000000,5101237,24687524,29788761,-5211239
77,"Feb 2, 1979",The First Great Train Robbery,6000000,391942,391942,783884,-5216116
5,"Dec 14, 1995",Othello,11000000,2844379,2844379,5688758,-5311242
22,"Aug 13, 2010",Scott Pilgrim vs. The World,85000000,31611316,48056764,79668080,-5331920
76,"Aug 19, 2011",Conan the Barbarian,90000000,21295021,63356133,84651154,-5348846
70,"Nov 14, 2014",The Homesman,16000000,2429989,8217571,10647560,-5352440
30,"May 17, 2002",Harvard Man,5500000,56653,56653,113306,-5386694
68,"Dec 31, 2014",A Most Violent Year,20000000,5749134,8846875,14596009,-5403991
6,"May 12, 1995",The Perez Family,11000000,2794056,2794056,5588112,-5411888
46,"Oct 9, 2015",Trash,12000000,17484,6553186,6570670,-5429330
79,"Oct 6, 2000",Bamboozled,10000000,2185266,2373937,4559203,-5440797
31,"Jul 15, 2011",Salvation Boulevard,5500000,28468,28468,56936,-5443064
32,"Jan 23, 2015",R100,5500000,24956,24956,49912,-5450088
65,"Dec 31, 2015",Geroy,7000000,0,1545121,1545121,-5454879
78,"Dec 20, 2002",Morvern Callar,6000000,267194,267194,534388,-5465612
37,"Sep 27, 2013",Metallica Through the Never,18000000,3419967,9082906,12502873,-5497127
34,"Dec 31, 2008",Animals,5500000,0,0,0,-5500000
36,"Mar 14, 2008",Funny Games,15000000,1294640,8200127,9494767,-5505233
72,"Aug 6, 2004",Code 46,7500000,197148,1788324,1985472,-5514528
7,"Jul 29, 2011",Attack the Block,13000000,1024175,6459183,7483358,-5516642
25,"Nov 13, 2015",Heist,8900000,50136,3324131,3374267,-5525733
87,"Jan 23, 2015",Song One,6000000,32251,437089,469340,-5530660
20,"Jun 17, 2014",Beneath Hill 60,9000000,0,3440939,3440939,-5559061
5,"Aug 27, 1999",Stiff Upper Lips,5700000,69582,69582,139164,-5560836
3,"Oct 6, 2000",Get Carter,40000000,14967182,19417182,34384364,-5615636
84,"Feb 3, 2017",The Space Between Us,30000000,7885294,16481405,24366699,-5633301
79,"Oct 10, 2003",The Flower of Evil,6000000,181798,181798,363596,-5636404
67,"Oct 26, 2012",Chasing Mavericks,20000000,6002756,8300821,14303577,-5696423
66,"Jul 23, 2013",Twixt,7000000,0,1268346,1268346,-5731654
81,"Nov 10, 2006",Come Early Morning,6000000,119452,119452,238904,-5761096
9,"Jun 21, 1985",Return to Oz,27000000,10618813,10618813,21237626,-5762374
82,"Apr 2, 2010",The Greatest,6000000,115862,117796,233658,-5766342
3,"Oct 5, 2012",Trade of Innocents,5800000,15091,15091,30182,-5769818
86,"Sep 5, 2008","Surfer, Dude",6000000,36497,36497,72994,-5927006
51,"Feb 23, 1990",The Blood of Heroes,7700000,882290,882290,1764580,-5935420
88,"Oct 3, 2007",Lake of Fire,6000000,25317,26007,51324,-5948676
81,"Jun 24, 2016",Free State of Jones,50000000,20810036,23237252,44047288,-5952712
15,"May 13, 2005",Mindhunters,27000000,4476235,16566235,21042470,-5957530
68,"Aug 13, 1999",Detroit Rock City,16000000,4217115,5825314,10042429,-5957571
8,"Oct 23, 2009",Amelia,40000000,14279575,19756077,34035652,-5964348
62,"Oct 3, 2008",An American Carol,20000000,7013191,7022183,14035374,-5964626
75,"Jan 15, 1999",In Dreams,30000000,12017369,12017369,24034738,-5965262
89,"Apr 2, 2010",Don McKay,6000000,13722,13722,27444,-5972556
76,"Apr 16, 2003",Bulletproof Monk,52000000,23010607,23010607,46021214,-5978786
9,"Oct 17, 2003",Veronica Guerin,17000000,1569918,9438074,11007992,-5992008
26,"Jun 26, 1981",Dragonslayer,18000000,6000000,6000000,12000000,-6000000
94,"Dec 31, 2011",Freaky Deaky,6000000,0,0,0,-6000000
93,"Mar 15, 2011",A Shine of Rainbows,6000000,0,0,0,-6000000
95,"May 10, 2011",The Hit List,6000000,0,0,0,-6000000
92,"Dec 19, 1995",Men of War,6000000,0,0,0,-6000000
91,"Feb 9, 2010",Icarus,6000000,0,0,0,-6000000
90,"Aug 12, 2005",11:14,6000000,0,0,0,-6000000
56,"Feb 14, 2003",Gerry,7000000,254683,719699,974382,-6025618
53,"Jul 30, 2010",The Extra Man,7000000,453377,492108,945485,-6054515
23,"Jan 18, 1991",Flight of the Intruder,35000000,14471440,14471440,28942880,-6057120
29,"Mar 28, 2014",Sabotage,35000000,10508518,18376443,28884961,-6115039
7,"Dec 25, 2010",L'illusionniste,17000000,2231474,8609949,10841423,-6158577
54,"May 13, 2011",Hesher,7000000,382946,382946,765892,-6234108
63,"Mar 14, 2003",Willard,20000000,6882696,6882696,13765392,-6234608
81,"Sep 3, 2004","Remember Me, My Love",6700000,223878,223878,447756,-6252244
57,"May 12, 2006",Wah-Wah,7000000,234750,463039,697789,-6302211
10,"Mar 27, 1998",The Newton Boys,27000000,10341093,10341093,20682186,-6317814
27,"Sep 30, 1994",Ed Wood,18000000,5828466,5828466,11656932,-6343068
84,"Jun 24, 2011",A Better Life,10000000,1759252,1884251,3643503,-6356497
32,"Dec 25, 1996",Hamlet,18000000,4501094,7129670,11630764,-6369236
3,"Aug 17, 2001",Aberdeen,6500000,64148,64148,128296,-6371704
55,"Mar 13, 1998",Chairman of the Board,7000000,306715,306715,613430,-6386570
72,"May 16, 2014",The Immigrant,16000000,2013456,7585011,9598467,-6401533
69,"Jul 24, 2003",Masked and Anonymous,7500000,533344,555335,1088679,-6411321
32,"Jul 18, 2008",Transsiberian,15000000,2203641,6379575,8583216,-6416784
92,"May 17, 1991",Stone Cold,25000000,9286314,9286314,18572628,-6427372
57,"Apr 16, 2010",The City of Your Final Destination,8300000,493296,1353296,1846592,-6453408
20,"May 5, 2006",Down in the Valley,8000000,568932,973443,1542375,-6457625
64,"Feb 1, 2008",Strange Wilderness,20000000,6575282,6947084,13522366,-6477634
4,"Dec 31, 2011",Tracker,6500000,0,3149,3149,-6496851
21,"Jul 10, 2015",Baahubali: The Beginning,40000000,6738000,26736665,33474665,-6525335
61,"Jan 21, 2000",The Boondock Saints,7000000,30471,411874,442345,-6557655
96,"Aug 24, 2007",Resurrecting the Champ,13000000,3172382,3260555,6432937,-6567063
82,"May 21, 2010",Perrierâs Bounty,6600000,828,828,1656,-6598344
49,"Apr 7, 2009",1612,12000000,0,5400624,5400624,-6599376
16,"May 3, 2019",El Chicano,8000000,700261,700261,1400522,-6599478
7,"Jan 1, 1970",The Molly Maguires,11000000,2200000,2200000,4400000,-6600000
35,"Mar 18, 2016",Midnight Special,18000000,3712282,7680250,11392532,-6607468
58,"Jun 13, 2003",The Heart of Me,7000000,196067,196067,392134,-6607866
19,"Sep 7, 2001",Soul Survivors,14000000,3100650,4288246,7388896,-6611104
67,"Nov 20, 2015",Criminal Activities,7000000,0,386744,386744,-6613256
52,"Apr 14, 2015",Loin des hommes,7700000,5336,1080428,1085764,-6614236
30,"Jun 25, 1982",Megaforce,18000000,5675599,5675599,11351198,-6648802
32,"Aug 15, 1997",Event Horizon,60000000,26673242,26673242,53346484,-6653516
78,"Aug 5, 2005",The Chumscrubber,6800000,49526,49526,99052,-6700948
85,"Feb 28, 2003",Spider,10000000,1641788,1641788,3283576,-6716424
86,"Feb 4, 2000",Gun Shy,10000000,1638202,1638202,3276404,-6723596
32,"Mar 4, 2005",The Jacket,28500000,6301131,15452978,21754109,-6745891
92,"Aug 11, 2000",Cecil B. Demented,10000000,1276984,1953882,3230866,-6769134
36,"Nov 25, 2016",Miss Sloane,18000000,3500605,7719630,11220235,-6779765
100,"Dec 18, 2009",Nine,80000000,19676965,53508858,73185823,-6814177
75,"Jan 31, 2017",Two Lovers and a Bear,6840000,0,22273,22273,-6817727
18,"Jan 24, 1997",Prefontaine,8000000,590817,590817,1181634,-6818366
19,"Oct 28, 1983",The Wicked Lady,8000000,589308,589308,1178616,-6821384
76,"Mar 12, 1999",Wing Commander,30000000,11578022,11578022,23156044,-6843956
85,"Sep 16, 2011",3,7200000,59774,295492,355266,-6844734
7,"Aug 26, 2005",Undiscovered,9000000,1069318,1069318,2138636,-6861364
87,"Dec 27, 2002",Nicholas Nickleby,10000000,1562800,1562800,3125600,-6874400
98,"Mar 2, 2001",The Widow of St. Pierre,13000000,3058380,3058380,6116760,-6883240
88,"Dec 21, 2001",The Majestic,72000000,27796042,37306334,65102376,-6897624
59,"Mar 26, 2010",Ca$h,7000000,46488,46488,92976,-6907024
60,"Jan 30, 2015",Trudno byt bogom,7000000,31443,41038,72481,-6927519
24,"Apr 30, 1999",Idle Hands,15000000,4023741,4023741,8047482,-6952518
46,"Aug 27, 2010",Centurion,15000000,123570,7885048,8008618,-6991382
71,"Sep 1, 2015",Alpha & Omega: The Legend of the Saw Tooth Cave,7000000,0,0,0,-7000000
68,"Dec 11, 2007",High School Musical 2,7000000,0,0,0,-7000000
8,"Jan 1, 1991",Return to the Blue Lagoon,11000000,2000000,2000000,4000000,-7000000
69,"Dec 12, 2008",The Kings of Appletown,7000000,0,0,0,-7000000
70,"Mar 11, 2008",Stargate - The Ark of Truth,7000000,0,0,0,-7000000
37,"Oct 4, 2002",Welcome to Collinwood,12000000,378650,4606284,4984934,-7015066
99,"Jan 20, 2012",Coriolanus,10000000,749641,2179623,2929264,-7070736
21,"May 11, 2007",Brooklyn Rules,8000000,458232,458232,916464,-7083536
71,"Sep 13, 2002",Betty Fisher et autres histoires,7500000,206400,206400,412800,-7087200
70,"Jul 7, 2006",A Scanner Darkly,20000000,5501616,7405084,12906700,-7093300
22,"Oct 24, 2003",The Singing Detective,8000000,336456,524747,861203,-7138797
59,"Dec 24, 1999",Play it to the Bone,24000000,8427204,8427204,16854408,-7145592
51,"Nov 1, 2016",A.C.O.R.N.S.: Operation Crackdown,8500000,0,1353287,1353287,-7146713
30,"Feb 20, 2004",The Blue Butterfly,10400000,1610194,1610194,3220388,-7179612
16,"Jul 31, 2009",Flammen og Citronen,9000000,148089,1635241,1783330,-7216670
9,"Sep 7, 2007",Romance and Cigarettes,11000000,551002,3231251,3782253,-7217747
90,"Oct 28, 2011",Anonymous,27500000,4463292,15815509,20278801,-7221199
9,"May 14, 2010",Princess Kaiulani,9000000,883887,883887,1767774,-7232226
16,"Dec 24, 1999",Snow Falling on Cedars,36000000,14378353,14378353,28756706,-7243294
23,"Jun 15, 2007",Fido,8000000,298110,456814,754924,-7245076
65,"Oct 16, 1998",Beloved,53000000,22852487,22852487,45704974,-7295026
24,"Oct 26, 2018",London Fields,8000000,252676,433732,686408,-7313592
47,"Oct 23, 2009",Ong-Bak 2,15000000,102458,7583050,7685508,-7314492
78,"Sep 27, 2002",Moonlight Mile,21000000,6830957,6830957,13661914,-7338086
24,"Feb 15, 2002",Last Orders,12000000,2326407,2326407,4652814,-7347186
74,"Jan 9, 2015",Black November,7500000,0,32572,32572,-7467428
93,"Dec 29, 2004",The Merchant of Venice,30000000,3765585,18765585,22531170,-7468830
36,"Apr 16, 2010",The Perfect Game,12500000,1089445,3931367,5020812,-7479188
75,"Feb 24, 2015",Outside Bet,7500000,0,13524,13524,-7486476
76,"May 15, 2015",Pound of Flesh,7500000,0,0,0,-7500000
30,"Mar 7, 2008",Married Life,12000000,1506998,2975188,4482186,-7517814
35,"Sep 23, 2005",Dear Wendy,8000000,23106,446438,469544,-7530456
19,"Apr 27, 2007",Jindabyne,10800000,399879,2862544,3262423,-7537577
2,"Apr 25, 2008",Deception,25000000,4598506,12850033,17448539,-7551461
40,"Sep 4, 2007",The Death and Life of Bobby Z,8000000,0,414617,414617,-7585383
66,"Dec 17, 1999",Topsy Turvy,20000000,6201757,6201757,12403514,-7596486
41,"Apr 24, 2018",Backstabbing For Beginners,8000000,0,343773,343773,-7656227
35,"Jul 21, 2015",American Heist,10000000,0,2341218,2341218,-7658782
26,"Jun 12, 1998",The Land Girls,8000000,146083,146083,292166,-7707834
33,"May 22, 2015",Aloft,8000000,53086,237688,290774,-7709226
47,"Nov 23, 2005",The Libertine,22000000,4835065,9448623,14283688,-7716312
100,"Oct 4, 2013",Parkland,10000000,641439,1616353,2257792,-7742208
27,"May 18, 2007",The Wendell Baker Story,8000000,127188,127188,254376,-7745624
26,"Nov 13, 1981",The Pursuit of D.B. Cooper,12000000,2104164,2104164,4208328,-7791672
37,"Oct 5, 2012",The Paperboy,12500000,677200,4027663,4704863,-7795137
32,"Aug 18, 2006",10th & Wolf,8000000,54702,143782,198484,-7801516
93,"Mar 21, 2014",50 to 1,10000000,1069454,1069454,2138908,-7861092
27,"Mar 19, 1999",Ravenous,12000000,2062406,2062406,4124812,-7875188
49,"Sep 28, 2012",Won't Back Down,19000000,5310554,5745503,11056057,-7943943
22,"Aug 6, 2010",Flipped,14000000,1755212,4289993,6045205,-7954795
42,"Aug 12, 2014",Swelter,8000000,0,44197,44197,-7955803
36,"Apr 27, 2001",Akira,8000000,19585,19585,39170,-7960830
35,"Aug 24, 2007",September Dawn,10100000,1066555,1066555,2133110,-7966890
94,"May 2, 2003",Owning Mahowny,10000000,1011054,1011054,2022108,-7977892
95,"Oct 19, 2007",The Ten Commandments,10000000,952820,1051907,2004727,-7995273
45,"Dec 31, 2009",Christmas in Beverly Hills,8000000,0,0,0,-8000000
48,"Jun 21, 2019",Burn Your Maps,8000000,0,0,0,-8000000
47,"May 6, 2016",Code of Honor,8000000,0,0,0,-8000000
46,"Dec 31, 2015",Henry Joseph Church,8000000,0,0,0,-8000000
44,"Feb 24, 2015",Green Street Hooligans: Underground,8000000,0,0,0,-8000000
43,"Nov 30, 2007",Maurice Richard,8000000,0,0,0,-8000000
30,"Nov 11, 2016",Billy Lynnâs Long Halftime Walk,40000000,1738477,30230402,31968879,-8031121
10,"Jun 20, 2003",The Legend of Suriyothai,9000000,454255,454255,908510,-8091490
2,"May 23, 2008","War, Inc.",10000000,580862,1299855,1880717,-8119283
25,"Aug 17, 2001",American Outlaws,35000000,13264986,13601109,26866095,-8133905
12,"Jul 11, 1990",The Adventures of Ford Fairlane,49000000,20423389,20423389,40846778,-8153222
49,"Nov 7, 2008",Repo! The Genetic Opera,8500000,140244,198883,339127,-8160873
32,"Dec 17, 2010",Casino Jack,12500000,2039869,2272186,4312055,-8187945
96,"Sep 7, 2007",The Brothers Solomon,10000000,900926,900926,1801852,-8198148
83,"Feb 25, 2005",Man of the House,50000000,19699706,22099706,41799412,-8200588
90,"Sep 27, 2002",Wasabi,15300000,81525,7000000,7081525,-8218475
56,"Oct 10, 2014",AutÃ³mata,15000000,0,6775458,6775458,-8224542
11,"Oct 25, 1991",Due occhi diabolici,9000000,349618,349618,699236,-8300764
98,"Aug 6, 1999",Illuminata,10000000,836641,836641,1673282,-8326718
36,"Oct 8, 2010",It's a Wonderful Afterlife,10000000,0,1642939,1642939,-8357061
10,"Jun 10, 2016",Genius,17000000,1361045,7265283,8626328,-8373672
28,"Jun 14, 2002",The Dangerous Lives of Altar Boys,12000000,1779284,1779284,3558568,-8441432
30,"Dec 21, 2007",Blonde Ambition,10000000,6422,1537479,1543901,-8456099
43,"Feb 6, 2004",The Return,15000000,501752,5953886,6455638,-8544362
5,"Sep 14, 2007",King of California,10000000,268461,1165102,1433563,-8566437
13,"Jan 22, 2010",La fille du RER,9000000,208163,208163,416326,-8583674
28,"Oct 23, 2015",Rock the Kasbah,15000000,3020665,3386153,6406818,-8593182
14,"Oct 25, 2002",All or Nothing,9000000,184255,184255,368510,-8631490
15,"Feb 5, 2016",Misconduct,11000000,0,2352511,2352511,-8647489
15,"Feb 5, 2010",Red Riding: The Year of Our Lord 1974,9000000,148826,148826,297652,-8702348
37,"Jun 21, 2011",You Got Served: Beat The World,10000000,0,1230542,1230542,-8769458
100,"Apr 5, 1996",Faithful,13000000,2104439,2104439,4208878,-8791122
28,"Dec 31, 2004",The I Inside,8800000,0,0,0,-8800000
1,"Oct 11, 2002",Swept Away,10000000,598645,598645,1197290,-8802710
50,"Jun 1, 2018",Action Point,19000000,5059608,5103675,10163283,-8836717
17,"Apr 2, 2010",Leaves of Grass,9000000,70066,85527,155593,-8844407
26,"Feb 26, 2011",Ultramarines,8900000,0,0,0,-8900000
4,"Mar 17, 2006",Find Me Guilty,13000000,1173673,2898225,4071898,-8928102
93,"Aug 23, 1991",Harley Davidson and the Marlboro Man,23000000,7018525,7018525,14037050,-8962950
18,"Nov 22, 2006",Opal Dream,9000000,14443,14443,28886,-8971114
51,"Dec 31, 2010",Arthur and the War of Two Worlds,45500000,347136,36180824,36527960,-8972040
49,"Apr 30, 2010",Gunless,9900000,458054,458054,916108,-8983892
19,"May 8, 2015",Skin Trade,9000000,1242,1242,2484,-8997516
21,"Jan 20, 2015",Veronika Decides to Die,9000000,0,2243,2243,-8997757
22,"Oct 10, 1968",Barbarella,9000000,0,0,0,-9000000
23,"Feb 1, 2013",A Haunting in Connecticut 2: The Ghosts of Georgia,9000000,0,0,0,-9000000
38,"Aug 21, 2009",Fifty Dead Men Walking,10000000,0,997921,997921,-9002079
4,"Aug 27, 2004",The Brown Bunny,10000000,366301,630427,996728,-9003272
98,"Mar 18, 2005",Steamboy,20000000,468867,10468867,10937734,-9062266
30,"Sep 9, 2016",The Disappointments Room,15000000,2423467,3503761,5927228,-9072772
21,"Mar 31, 1995",Jefferson in Paris,14000000,2461628,2461628,4923256,-9076744
14,"Oct 9, 2009",Free Style,10000000,141108,721108,862216,-9137784
11,"Jun 18, 2010",The Killer Inside Me,13000000,217277,3617277,3834554,-9165446
44,"Dec 8, 2017",Just Getting Started,22000000,6069605,6756412,12826017,-9173983
22,"Oct 23, 2009",Motherhood,10000000,93388,723388,816776,-9183224
6,"Oct 13, 2006",Infamous,13000000,1151330,2613717,3765047,-9234953
58,"Oct 30, 2009",Gentlemen Broncos,9500000,115155,119955,235110,-9264890
33,"Dec 31, 1997",Oscar and Lucinda,12500000,1612957,1612957,3225914,-9274086
84,"Mar 19, 2004",Bon Voyage,20000000,2353728,8361736,10715464,-9284536
23,"Nov 16, 2007",Love in the Time of Cholera,45000000,4617608,31077418,35695026,-9304974
31,"Dec 25, 2003",The Company,15000000,2281585,3396508,5678093,-9321907
97,"Jun 28, 2013",Redemption,23000000,36686,13593473,13630159,-9369841
34,"Nov 22, 2006",The Fountain,35000000,10144010,15461638,25605648,-9394352
39,"Sep 26, 2014",Plastic,10000000,0,575371,575371,-9424629
8,"Dec 17, 2004",Imaginary Heroes,10000000,228524,290875,519399,-9480601
10,"Aug 21, 2009",World's Greatest Dad,10000000,221805,295750,517555,-9482445
12,"Oct 29, 2010",Welcome to the Rileys,10000000,152857,355919,508776,-9491224
59,"Dec 31, 2013",Re-Kill,9500000,0,0,0,-9500000
51,"Jan 1, 1964",The Fall of the Roman Empire,19000000,4750000,4750000,9500000,-9500000
7,"Aug 14, 1998",La femme de chambre du Titanic,10000000,244465,244465,488930,-9511070
9,"Oct 26, 2001",High Heels and Low Lifes,10000000,226792,226792,453584,-9546416
61,"Dec 17, 2004",Beyond the Sea,24000000,6144806,8292914,14437720,-9562280
11,"Aug 27, 2004",Suspect Zero,27000000,8712564,8712564,17425128,-9574872
15,"Jun 1, 2012",High School,10000000,139034,248133,387167,-9612833
32,"Mar 11, 2011",Kill the Irishman,12000000,1188194,1188194,2376388,-9623612
17,"Jul 14, 2006",Edmond,10000000,131719,241719,373438,-9626562
24,"Dec 25, 2002",Pinocchio,45000000,3681811,31681811,35363622,-9636378
40,"Mar 10, 2015",Jungle Shuffle,10000000,0,360898,360898,-9639102
11,"May 3, 2013","Cinco de Mayo, La Batalla",10000000,173472,173472,346944,-9653056
13,"Sep 9, 2016",Kicks,10000000,150191,150191,300382,-9699618
24,"Nov 7, 2014",Elsa & Fred,10000000,67657,197901,265558,-9734442
19,"Aug 26, 1994",Police Academy 7: Mission to Moscow,10000000,126247,126247,252494,-9747506
32,"Dec 26, 2014",Barbecue,10000000,388,247565,247953,-9752047
20,"Feb 19, 2010",Blood Done Sign My Name,10000000,109383,109383,218766,-9781234
21,"Feb 19, 2010",The Good Guy,10000000,100688,106460,207148,-9792852
34,"Dec 29, 1995",Restoration,18000000,4100000,4100000,8200000,-9800000
27,"Jul 10, 2015",Strangerland,10000000,17472,161097,178569,-9821431
23,"Oct 15, 2004",Eulogy,10000000,70527,70527,141054,-9858946
34,"Nov 1, 1996",The Funeral,12500000,1212799,1412799,2625598,-9874402
17,"Dec 20, 1996",Ghosts of Mississippi,36000000,13052741,13052741,26105482,-9894518
45,"Sep 21, 2001",Megiddo: Omega Code 2,22000000,6047691,6047691,12095382,-9904618
25,"Feb 27, 1998",An Alan Smithee Film: Burn Hollywood Burn,10000000,45779,45779,91558,-9908442
41,"Sep 22, 2009",Adam Resurrected,10000000,0,90909,90909,-9909091
26,"Aug 28, 2009",The Open Road,10000000,19716,19716,39432,-9960568
28,"Mar 13, 2015",Hross i oss,10000000,11894,11894,23788,-9976212
29,"Oct 16, 2009",Janky Promoters,10000000,9069,9069,18138,-9981862
42,"May 26, 2009",The Devil's Tomb,10000000,0,0,0,-10000000
44,"Feb 2, 2007",Partition,10000000,0,0,0,-10000000
47,"May 19, 2015",Into the Grizzly Maze,10000000,0,0,0,-10000000
45,"Apr 13, 2012",Detention,10000000,0,0,0,-10000000
46,"Feb 7, 2014",Nurse 3D,10000000,0,0,0,-10000000
43,"Dec 31, 2009",Good Intentions,10000000,0,0,0,-10000000
34,"Apr 20, 2012",Darling Companion,12000000,793352,1200346,1993698,-10006302
97,"Mar 15, 2019",Captive State,25000000,5958315,8993300,14951615,-10048385
50,"Dec 31, 2015",San cheng ji,12000000,0,1950194,1950194,-10049806
63,"Feb 2, 2001",Left Behind,18500000,4221341,4221341,8442682,-10057318
4,"Apr 21, 1995",Kiss of Death,40000000,14942422,14942422,29884844,-10115156
33,"Sep 30, 2005",Duma,12000000,870067,994790,1864857,-10135143
12,"Nov 2, 2007",Martian Child,27000000,7500310,9352089,16852399,-10147601
51,"Dec 31, 2011",Tu Xia Chuan Qi,12000000,0,1828400,1828400,-10171600
75,"Oct 1, 1999","Mystery, Alaska",28000000,8891623,8891623,17783246,-10216754
29,"Dec 31, 1994",There Goes My Baby,10500000,125169,125169,250338,-10249662
74,"Aug 26, 2016",Hands of Stone,20000000,4712792,5031975,9744767,-10255233
40,"Sep 28, 2007",Trade,12000000,214202,1513388,1727590,-10272410
25,"Dec 6, 2013",The Last Days on Mars,10600000,24084,261364,285448,-10314552
16,"Oct 28, 2011",The Rum Diary,45000000,13109815,21544732,34654547,-10345453
52,"Feb 10, 2010",Triangle,12000000,0,1594955,1594955,-10405045
81,"Oct 26, 2018",Suspiria,20000000,2483472,7034615,9518087,-10481913
26,"Aug 11, 2006",Zoom,35000000,11989328,12506188,24495516,-10504484
81,"Sep 24, 2004",First Daughter,30000000,9055010,10419084,19474094,-10525906
11,"Aug 26, 2011",Brighton Rock,11000000,229653,229653,459306,-10540694
9,"Jun 7, 1996",The Phantom,45000000,17220599,17220599,34441198,-10558802
16,"Aug 22, 2014",Sin City: A Dame to Kill For,65000000,13757804,40650842,54408646,-10591354
96,"Apr 6, 2007",The Hoax,25000000,7164995,7164995,14329990,-10670010
5,"May 14, 1993",Excessive Force,13000000,1152117,1152117,2304234,-10695766
10,"Jul 1, 2005",Rebound,45000000,16809014,17492014,34301028,-10698972
15,"Mar 20, 2015",The Gunman,40000000,10664749,18594227,29258976,-10741024
92,"May 23, 2008",The Children of Huang Shi,20000000,1031872,8221700,9253572,-10746428
92,"Sep 21, 2007",The Assassination of Jesse James by the Coward Robert Ford,30000000,3909149,15313631,19222780,-10777220
11,"Nov 20, 2009",Bad Lieutenant: Port of Call New Orleans,25000000,1702112,12413949,14116061,-10883939
35,"Jun 4, 2010",Ondine,12000000,550472,557545,1108017,-10891983
18,"Oct 24, 1997",Gattaca,36000000,12532777,12532777,25065554,-10934446
79,"May 15, 2009",The Brothers Bloom,20000000,3531756,5531756,9063512,-10936488
16,"Dec 31, 2019",Eli,11000000,0,0,0,-11000000
9,"Dec 29, 2000",The Claim,13000000,622023,1375635,1997658,-11002342
76,"Oct 3, 2008",Flash of Genius,20000000,4442377,4504111,8946488,-11053512
57,"Dec 31, 2015",Chiamatemi Francesco - Il papa della gente,15000000,0,3925769,3925769,-11074231
33,"Oct 22, 1999",Crazy in Alabama,15000000,1954202,1954202,3908404,-11091596
34,"Jan 17, 1986",The Clan of the Cave Bear,15000000,1953732,1953732,3907464,-11092536
75,"Oct 24, 2008",Passchendaele,20000000,4452423,4453327,8905750,-11094250
36,"Jul 20, 2001",Brother,12000000,450594,450594,901188,-11098812
5,"Apr 26, 2002","Life, or Something Like It",40000000,14448589,14448589,28897178,-11102822
76,"Aug 24, 2001",John Carpenterâs Ghosts of Mars,28000000,8434601,8434601,16869202,-11130798
44,"Mar 9, 2001",Company Man,12000000,146028,622273,768301,-11231699
6,"May 15, 1987",Ishtar,40000000,14375181,14375181,28750362,-11249638
7,"Feb 28, 1992",Memoirs of an Invisible Man,40000000,14358033,14358033,28716066,-11283934
32,"Jul 13, 2016",The Infiltrator,47500000,15436808,20718104,36154912,-11345088
12,"Dec 22, 2000",All the Pretty Horses,45000000,15527125,18120267,33647392,-11352608
39,"May 4, 2012",A Little Bit of Heaven,12500000,10011,1100287,1110298,-11389702
65,"Sep 1, 1999",Chill Factor,34000000,11263966,11263966,22527932,-11472068
28,"Aug 26, 2009",Taking Woodstock,29000000,7460204,10066366,17526570,-11473430
42,"Sep 3, 2010",San qiang pai an jing qi,12000000,190946,310946,501892,-11498108
63,"Nov 27, 2009",The Cry of the Owl,11500000,0,0,0,-11500000
74,"Dec 21, 2005",The White Countess,16000000,1669971,2814566,4484537,-11515463
41,"Nov 6, 2002",Femme Fatale,35000000,6630252,16830252,23460504,-11539496
39,"Oct 31, 1997",Critical Care,12000000,220175,220175,440350,-11559650
58,"Dec 31, 2008",Bathory,15000000,0,3436763,3436763,-11563237
32,"Mar 6, 2015",Unfinished Business,35000000,10219501,13214051,23433552,-11566448
41,"Jan 6, 2006",Fateless,12000000,196857,196857,393714,-11606286
5,"Apr 30, 2004",Bobby Jones: Stroke of Genius,17000000,2694071,2694071,5388142,-11611858
43,"Sep 17, 1999",Breakfast of Champions,12000000,178287,178287,356574,-11643426
77,"Jul 11, 1997",A Simple Wish,28000000,8165213,8165213,16330426,-11669574
35,"Feb 3, 2017",The Comedian,15000000,1658706,1658706,3317412,-11682588
24,"Jun 25, 2010",Les herbes folles,14000000,403952,1903952,2307904,-11692096
58,"Dec 10, 1999",Diamonds,11900000,81897,81897,163794,-11736206
23,"Jul 29, 2011",The Devil's Double,19100000,1361512,5965646,7327158,-11772842
59,"Mar 20, 1998",Madadayo,11900000,48856,48856,97712,-11802288
47,"Aug 19, 2011",5 Days of War,12000000,17479,87793,105272,-11894728
40,"Mar 2, 2001",The Caveman's Valentine,13500000,687081,892506,1579587,-11920413
48,"Nov 11, 2015",10 Days in a Madhouse,12000000,14616,14616,29232,-11970768
53,"Oct 19, 2013",Supesu Batorushippu Yamato,12000000,0,0,0,-12000000
56,"Jun 5, 2009",Home,12000000,0,0,0,-12000000
23,"Jan 1, 1978",Caravans,14000000,1000000,1000000,2000000,-12000000
55,"Oct 30, 2015",Dancin' It's On,12000000,0,0,0,-12000000
46,"Jan 1, 1970",Darling Lili,22000000,5000000,5000000,10000000,-12000000
54,"Oct 3, 2014",Drive Hard,12000000,0,0,0,-12000000
86,"Nov 15, 2002",Ararat,15500000,1693000,1693000,3386000,-12114000
10,"Dec 23, 2011",In The Land of Blood and Honey,13000000,303877,509193,813070,-12186930
38,"Nov 12, 1999",Felicia's Journey,15000000,824295,1970268,2794563,-12205437
80,"Oct 10, 2008",City of Ember,38000000,7873007,17831558,25704565,-12295435
6,"Aug 29, 1986",Shanghai Surprise,17000000,2315000,2315000,4630000,-12370000
78,"Oct 30, 2015",Our Brand is Crisis,28000000,7002261,8594558,15596819,-12403181
90,"Nov 3, 1995",Fair Game,50000000,11497497,26097497,37594994,-12405006
29,"Oct 27, 2009",Stan Helsing: A Parody,14000000,0,1553556,1553556,-12446444
31,"Sep 11, 2009",Whiteout,35000000,10275638,12254746,22530384,-12469616
80,"Oct 24, 2008","Synecdoche, New York",20000000,3083538,4383538,7467076,-12532924
73,"Aug 15, 1997",Steel,16000000,1686429,1686429,3372858,-12627142
17,"Sep 25, 2009",Pandorum,40000000,10330853,17033431,27364284,-12635716
66,"Aug 27, 1999",The Astronaut's Wife,34000000,10672566,10672566,21345132,-12654868
90,"Apr 29, 2011",Dylan Dog: Dead of Night,20000000,1186538,6093725,7280263,-12719737
8,"Jan 1, 1981",Roar,17000000,2110050,2110050,4220100,-12779900
87,"May 5, 2006",The Proposition,20000000,1903434,5313608,7217042,-12782958
12,"Jun 26, 2015",Escobar: Paradise Lost,17000000,195792,3917679,4113471,-12886529
29,"Jun 24, 1994",Wyatt Earp,63000000,25052000,25052000,50104000,-12896000
39,"Jan 25, 2002",Metropolis,15000000,673414,1405032,2078446,-12921554
11,"Mar 12, 1999",The Deep End of the Ocean,40000000,13508635,13508635,27017270,-12982730
59,"Feb 5, 2010",San suk si gin,15000000,0,2013340,2013340,-12986660
38,"Apr 16, 2013",Un monstre Ã Paris,40000000,0,27000381,27000381,-12999619
13,"Dec 31, 2019",Rogue City,13000000,0,0,0,-13000000
12,"Mar 30, 2012",Womb,13000000,0,0,0,-13000000
87,"Apr 13, 2007",Slow Burn,15500000,1237615,1237615,2475230,-13024770
39,"Feb 23, 1996",Unforgettable,18000000,2483790,2483790,4967580,-13032420
41,"Apr 1, 2011",The Last Godfather,13400000,164247,164247,328494,-13071506
67,"May 5, 2000",I Dreamed of Africa,34000000,6543194,14291999,20835193,-13164807
80,"Oct 3, 2008",How to Lose Friends & Alienate People,28000000,2775593,12031443,14807036,-13192964
27,"Sep 30, 2011",Margaret,14000000,47185,623292,670477,-13329523
49,"Aug 1, 2008",Midnight Meat Train,15000000,73548,1590246,1663794,-13336206
98,"Aug 17, 1984",Sheena,25000000,5778353,5778353,11556706,-13443294
25,"Jan 24, 2003",Amen,14000000,274299,274299,548598,-13451402
89,"Dec 6, 2002",Equilibrium,20000000,1190018,5345869,6535887,-13464113
26,"Sep 26, 2008",The Lucky Ones,14000000,266967,266967,533934,-13466066
71,"Jan 27, 2006",Manderlay,14200000,74205,543306,617511,-13582489
22,"Aug 23, 2013",The Frozen Ground,19200000,0,5617460,5617460,-13582540
13,"Aug 30, 2002",FearDotCom,40000000,13208023,13208023,26416046,-13583954
76,"Oct 1, 2014","Men, Women and Children",16000000,705908,1685403,2391311,-13608689
69,"Jun 5, 2015",Freedom,14500000,0,872757,872757,-13627243
86,"Jan 14, 2011",Barney's Version,30000000,7502560,8845575,16348135,-13651865
99,"Sep 2, 2005",Underclassman,25000000,5654777,5654777,11309554,-13690446
31,"Nov 9, 2012",Dangerous Liaisons,24200000,17000,10447579,10464579,-13735421
51,"Nov 4, 2011",The Son of No One,15000000,30680,1148578,1179258,-13820742
55,"Jan 25, 2019",The Kid Who Would Be King,59000000,16790790,28348446,45139236,-13860764
41,"Dec 1, 1995",Things to Do in Denver when You're Dead,15000000,529766,529766,1059532,-13940468
42,"Apr 26, 2013",The Reluctant Fundamentalist,15000000,528731,528731,1057462,-13942538
100,"Mar 23, 2001",Say It Isn't So,25000000,5516708,5516708,11033416,-13966584
41,"Jun 16, 2004",Around the World in 80 Days,110000000,24004159,72004159,96008318,-13991682
10,"Mar 31, 2004",The Touch,20000000,0,5918742,5918742,-14081258
60,"Dec 31, 2005",Dungeons & Dragons: Wrath of the Dragon God,15000000,0,909822,909822,-14090178
82,"Dec 31, 2013",Zulu,16000000,0,1844228,1844228,-14155772
5,"Apr 25, 2003",People I Know,20000000,121972,5694213,5816185,-14183815
88,"Aug 31, 2018",Kin,30000000,5718096,10096821,15814917,-14185083
77,"Sep 24, 2010",Enter the Void,16000000,337997,1467278,1805275,-14194725
44,"Jul 25, 2003",Buffalo Soldiers,15000000,353743,353743,707486,-14292514
18,"Nov 10, 2006",FUR: An Imaginary Portrait of Diane Arbus,16800000,223202,2281089,2504291,-14295709
30,"Sep 4, 1998",Knock Off,35000000,10319915,10319915,20639830,-14360170
88,"Apr 22, 2005",Madison,15500000,517262,517262,1034524,-14465476
45,"Apr 25, 2003",Steal (Canadian Release),15000000,220944,220944,441888,-14558112
52,"Nov 24, 1993",The Nutcracker,19000000,2119994,2119994,4239988,-14760012
53,"Dec 13, 2011",George Balanchine\'s The Nutcracker,19000000,2119994,2119994,4239988,-14760012
61,"Feb 17, 2017",In Dubious Battle,15000000,0,214182,214182,-14785818
48,"Dec 31, 1996",Silent Trigger,15000000,76382,76382,152764,-14847236
89,"Feb 26, 2010",The Yellow Handkerchief,15500000,318623,318623,637246,-14862754
25,"Jun 30, 2000",The Adventures of Rocky & Bullwinkle,76000000,26000610,35129610,61130220,-14869780
50,"Sep 6, 2013",Winnie Mandela,15000000,61847,61847,123694,-14876306
52,"Oct 25, 2002",All the Queen's Men,15000000,22723,22723,45446,-14954554
53,"Oct 5, 2007",The Good Night,15000000,22441,22441,44882,-14955118
17,"Mar 22, 2013",On the Road,25000000,720828,9313302,10034130,-14965870
79,"May 6, 2011",The Beaver,21000000,970816,5046038,6016854,-14983146
62,"Sep 1, 2015",Broken Horses,15000000,0,3471,3471,-14996529
64,"Aug 14, 2019",Blinded by the Light,15000000,0,0,0,-15000000
63,"Jun 29, 2001",Pandaemonium,15000000,0,0,0,-15000000
83,"Apr 23, 1999",eXistenZ,20700000,2840417,2840417,5680834,-15019166
82,"Nov 3, 2017",LBJ,20000000,2468683,2507181,4975864,-15024136
63,"Mar 27, 1998",Meet the Deedles,24000000,4356126,4356126,8712252,-15287748
42,"Apr 25, 1986",8 Million Ways to Die,18000000,1305114,1305114,2610228,-15389772
66,"Jun 16, 2000",Titan A.E.,75000000,22751979,36751979,59503958,-15496042
85,"Nov 13, 2015",My All-American,20000000,2246000,2246000,4492000,-15508000
48,"Sep 22, 2006",Renaissance,18000000,70644,2401413,2472057,-15527943
22,"Dec 31, 2010",Belka i Strelka. Zvezdnye sobaki,25000000,0,9445081,9445081,-15554919
14,"Nov 7, 2008",Soul Men,40000000,12082391,12345883,24428274,-15571726
23,"Dec 31, 2017",Matilda,25000000,0,9370285,9370285,-15629715
42,"Dec 23, 2016",Silence,46500000,7100177,23726626,30826803,-15673197
55,"Sep 22, 2006",Bandidas,35000000,0,19282590,19282590,-15717410
97,"Nov 13, 2015",By the Sea,20000000,538460,3727746,4266206,-15733794
8,"Sep 1, 2017",Tulip Fever,25000000,2455635,6792768,9248403,-15751597
43,"Mar 1, 2013",Phantom,18000000,1034589,1199510,2234099,-15765901
37,"Sep 5, 2003",The Order,35000000,7659747,11559747,19219494,-15780506
79,"Nov 2, 2012",Vamps,16000000,3361,94812,98173,-15901827
78,"Dec 31, 2008",Good,16000000,31631,31631,63262,-15936738
86,"Jun 20, 1980",Can't Stop the Music,20000000,2000000,2000000,4000000,-16000000
50,"Oct 8, 2010",Stone,22000000,1810078,4065020,5875098,-16124902
87,"Sep 20, 2002",Trapped,30000000,6916869,6916869,13833738,-16166262
80,"Apr 23, 1999",Pushing Tin,33000000,8408835,8408835,16817670,-16182330
47,"Oct 15, 2010",Carlos,18000000,145526,1619153,1764679,-16235321
94,"Oct 14, 2005",Domino,50000000,10169202,23574057,33743259,-16256741
19,"Aug 16, 2013",Paranoia,40000000,7388654,16340767,23729421,-16270579
54,"Aug 16, 1996",Kansas City,19000000,1353824,1353824,2707648,-16292352
39,"Jun 12, 2009",Imagine That,55000000,16222392,22438144,38660536,-16339464
11,"Nov 14, 2007",Southland Tales,17000000,275380,364607,639987,-16360013
50,"Oct 18, 2013",The Fifth Estate,26000000,3254172,6154172,9408344,-16591656
13,"Oct 18, 2002",Formula 51,27000000,5204007,5204007,10408014,-16591986
79,"Dec 25, 1997",Kundun,28000000,5686694,5686694,11373388,-16626612
44,"Apr 26, 2002",The Salton Sea,18000000,676698,676698,1353396,-16646604
88,"Aug 22, 2003",Marci X,20000000,1646664,1646664,3293328,-16706672
53,"Sep 14, 2012",Stolen,35000000,289773,17967746,18257519,-16742481
24,"Oct 4, 2011",La vÃ©ritable histoire du Chat BottÃ©,25000000,0,8208594,8208594,-16791406
36,"Dec 5, 2008",Punisher: War Zone,35000000,8050977,10157534,18208511,-16791489
93,"Oct 20, 2000",The Yards,20000000,882710,2282710,3165420,-16834580
88,"Jul 1, 1994",Baby's Day Out,50000000,16581575,16581575,33163150,-16836850
64,"Apr 25, 2003",City of Ghosts,17500000,325491,325491,650982,-16849018
3,"Mar 1, 1995",Tank Girl,25000000,4064333,4064333,8128666,-16871334
34,"Aug 25, 2017",Birth of the Dragon,31000000,6901965,7220490,14122455,-16877545
18,"Dec 31, 2012",AstÃ©rix et ObÃ©lix: Au service de Sa MajestÃ©,77600000,0,60680125,60680125,-16919875
4,"Apr 22, 2005",King's Ransom,25000000,4008527,4049527,8058054,-16941946
15,"Oct 21, 1977",Damnation Alley,17000000,0,0,0,-17000000
16,"Jul 12, 2019",Crawl,17000000,0,0,0,-17000000
90,"Sep 22, 2017",Stronger,30000000,4211129,8786752,12997881,-17002119
39,"Nov 27, 2002",Solaris,47000000,14970038,14970038,29940076,-17059924
55,"Jul 19, 2013",R.I.P.D.,130000000,33618855,79076678,112695533,-17304467
45,"Apr 24, 2009",The Informers,18000000,315000,315000,630000,-17370000
49,"Dec 31, 2008",I Come with the Rain,18000000,0,627422,627422,-17372578
46,"Sep 24, 1999",One Man's Hero,18000000,229311,229311,458622,-17541378
79,"Feb 2, 1996",White Squall,38000000,10229300,10229300,20458600,-17541400
96,"Jun 26, 2009",ChÃ©ri,23000000,2715657,2715657,5431314,-17568686
50,"Apr 15, 2016",I Am Wrath,18000000,0,309608,309608,-17690392
43,"Feb 14, 2014",Winterâs Tale,60000000,12600231,29575033,42175264,-17824736
37,"Aug 16, 1996",The Fan,55000000,18582965,18582965,37165930,-17834070
40,"Feb 15, 2002",Hart's War,70000000,19076815,33076815,52153630,-17846370
91,"Aug 29, 2012",The Oogieloves in the BIG Balloon Adventure,20000000,1065907,1065907,2131814,-17868186
88,"Oct 10, 2008",The Express,37500000,9793406,9813309,19606715,-17893285
51,"Nov 14, 2014",Wolves,18000000,0,94953,94953,-17905047
54,"Feb 19, 2016",Forsaken,18000000,0,0,0,-18000000
53,"Aug 22, 2014",The Prince,18000000,0,0,0,-18000000
52,"Apr 8, 2008",Day of the Dead,18000000,0,0,0,-18000000
14,"Nov 24, 1999",Flawless,27000000,4485485,4485485,8970970,-18029030
11,"May 29, 2015",Survivor,20000000,0,1703281,1703281,-18296719
6,"Apr 13, 2018",Sgt. Stubby: An American Hero,25000000,3054285,3645957,6700242,-18299758
98,"Apr 25, 2008",Rogue,23000000,10452,4673377,4683829,-18316171
94,"Aug 6, 2010",Middle Men,20000000,754301,754301,1508602,-18491398
96,"Dec 3, 2010",All Good Things,20000000,582024,873617,1455641,-18544359
34,"Oct 13, 2006",Alex Rider: Operation Stormbreaker,40000000,659210,20722450,21381660,-18618340
3,"Sep 18, 2009",The Burning Plain,20000000,200730,1167092,1367822,-18632178
16,"Aug 20, 1999",Universal Soldier II: The Return,40000000,10447421,10717421,21164842,-18835158
9,"Jan 6, 2006",BloodRayne,25000000,2405420,3711633,6117053,-18882947
47,"Apr 22, 2016",A Hologram for the King,35000000,4212494,11846010,16058504,-18941496
55,"Mar 8, 2016",Out of the Inferno,19000000,0,0,0,-19000000
26,"Apr 6, 2001",Just Visiting,40000000,4777007,16172200,20949207,-19050793
89,"Jun 1, 1984",Once Upon a Time in America,30000000,5321508,5575648,10897156,-19102844
19,"Nov 23, 2016",Rules Donât Apply,26700000,3652206,3871448,7523654,-19176346
99,"Apr 22, 2005",The Game of Their Lives,20000000,375474,375474,750948,-19249052
100,"Sep 11, 1994",Rapa Nui,20000000,305070,305070,610140,-19389860
1,"Dec 10, 2010",The Tempest,20000000,277943,277943,555886,-19444114
12,"Nov 18, 2016",The History of Love,20000000,0,476624,476624,-19523376
31,"Sep 24, 1999",Mumford,28700000,4559569,4559569,9119138,-19580862
25,"Jul 8, 2011",Ironclad,25000000,0,5297411,5297411,-19702589
12,"Jan 29, 2016",Jane Got a Gun,25000000,1513793,3771345,5285138,-19714862
24,"Jul 11, 2001",Final Fantasy: The Spirits Within,137000000,32131830,85131830,117263660,-19736340
26,"May 10, 2019",The Professor and the Madman,25000000,0,5227233,5227233,-19772767
17,"Dec 13, 2018",Bird Box,19800000,0,0,0,-19800000
80,"Feb 24, 2017",Bitter Harvest,21000000,557241,606162,1163403,-19836597
66,"Dec 31, 2007",Flood,24000000,0,4084232,4084232,-19915768
67,"Dec 17, 2004",Flight of the Phoenix,75000000,21009180,34009180,55018360,-19981640
13,"Dec 25, 2007",Butterfly on a Wheel,20000000,0,0,0,-20000000
16,"Dec 31, 2017",The Thousand Miles,20000000,0,0,0,-20000000
14,"Aug 29, 2014",Dwegons and Leprechauns,20000000,0,0,0,-20000000
15,"Jul 22, 2016",Fight Valley,20000000,0,0,0,-20000000
44,"Jul 30, 2004",Thunderbirds,55000000,6768055,28231444,34999499,-20000501
94,"Apr 2, 2003",The Good Thief,30000000,3517797,6460758,9978555,-20021445
54,"Jul 27, 2007",MoliÃ¨re,21600000,635733,791154,1426887,-20173113
18,"Sep 26, 2003",Duplex,40000000,9652000,10070651,19722651,-20277349
24,"May 9, 1997",Father's Day,85000000,28681080,35681080,64362160,-20637840
91,"Jan 22, 1999",Gloria,30000000,4167493,4967493,9134986,-20865014
81,"Oct 22, 1999",Molly,21000000,17396,17396,34792,-20965208
82,"Feb 1, 2019",Velvet Buzzsaw,21000000,0,0,0,-21000000
39,"Oct 19, 2001",The Last Castle,60000000,18208078,20541668,38749746,-21250254
3,"Oct 7, 2011",Xinhai geming,30000000,135739,8593154,8728893,-21271107
18,"Dec 21, 2018",Welcome to Marwen,45000000,10763520,12874922,23638442,-21361558
13,"Feb 24, 2017",Collide,29200000,2280004,5466698,7746702,-21453298
89,"Nov 12, 1999",The Messenger: The Story of Joan of Arc,50000000,14271297,14271297,28542594,-21457406
4,"Dec 31, 2009",Obitaemyy ostrov,36500000,0,15000000,15000000,-21500000
82,"Sep 21, 2018",The Sisters Brothers,38000000,3143056,13143056,16286112,-21713888
1,"Jun 15, 2007",DOA: Dead or Alive,30000000,480314,7755686,8236000,-21764000
48,"Jan 23, 2015",Mortdecai,60000000,7696134,30396134,38092268,-21907732
42,"May 2, 1997",Warriors of Virtue,35000000,6448817,6448817,12897634,-22102366
29,"Mar 11, 1994",The Hudsucker Proxy,40000000,2816518,14938149,17754667,-22245333
65,"Jun 10, 2005",The Bridge of San Luis Rey,24000000,49981,1696765,1746746,-22253254
25,"Nov 27, 2002",Extreme Ops,40000000,4835968,12624471,17460439,-22539561
17,"Jan 30, 1998",Deep Rising,45000000,11203026,11203026,22406052,-22593948
13,"Nov 25, 2009",Me and Orson Welles,25000000,1190003,1190003,2380006,-22619994
64,"Aug 25, 1995",The Thief and the Cobbler,24000000,669276,669276,1338552,-22661448
15,"Oct 14, 2005",Where the Truth Lies,25000000,872142,1415656,2287798,-22712202
42,"Feb 1, 2013",Bullet to the Head,55000000,9489829,22597969,32087798,-22912202
52,"Mar 21, 2014",Blood Ties,26000000,42472,2923959,2966431,-23033569
3,"Feb 18, 2005",Son of the Mask,100000000,17018422,59918422,76936844,-23063156
14,"Sep 16, 2005",Venom,25000000,881745,881745,1763490,-23236510
15,"Sep 6, 1996",Bogus,32000000,4357406,4357406,8714812,-23285188
16,"Sep 11, 1998",Without Limits,25000000,780326,780326,1560652,-23439348
16,"Oct 17, 2008",What Just Happened,27000000,1090947,2412123,3503070,-23496930
4,"Mar 15, 2013",Upside Down,50000000,102118,26387039,26489157,-23510843
95,"Aug 17, 2005",Supercross,30000000,3102550,3252550,6355100,-23644900
51,"Feb 21, 1997",Blood and Wine,26000000,1083350,1083350,2166700,-23833300
18,"Dec 15, 2006",The Good German,32000000,1308696,6678033,7986729,-24013271
68,"Dec 12, 2008","Che, Part 1: The Argentine",58000000,1802521,31627370,33429891,-24570109
17,"Dec 12, 2003",The Statement,27000000,765637,1545064,2310701,-24689299
19,"Jun 30, 2010",Love Ranch,25000000,137885,146149,284034,-24715966
20,"Apr 24, 2015",Yi ge ren de wu lin,25000000,129115,129115,258230,-24741770
7,"Aug 17, 2007",The Invasion,80000000,15074191,40147042,55221233,-24778767
16,"Mar 26, 1997",Cats Don't Dance,32000000,3588602,3588602,7177204,-24822796
27,"Mar 10, 2015",Red Sky,25000000,0,91116,91116,-24908884
9,"Mar 8, 2016",Savva. Serdtse voyna,30000000,0,5015080,5015080,-24984920
81,"Oct 31, 1997",Switchback,38000000,6504442,6504442,13008884,-24991116
29,"Jan 10, 2014",The Adventurer: The Curse of the Midas Box,25000000,0,0,0,-25000000
30,"Dec 31, 2019",Reagan,25000000,0,0,0,-25000000
28,"Jan 1, 1970",Waterloo,25000000,0,0,0,-25000000
4,"Feb 21, 2008",Genghis Khan: To the Ends of the Earth and Sea,30000000,3892,4874498,4878390,-25121610
41,"Feb 8, 2002",Rollerball,70000000,18990542,25852508,44843050,-25156950
40,"Jun 18, 2010",Jonah Hex,47000000,10547117,11022696,21569813,-25430187
33,"Feb 6, 2014",The Interview,44000000,6105175,12342632,18447807,-25552193
5,"Jan 30, 2015",Wild Card,30000000,3200,4315789,4318989,-25681011
45,"Feb 21, 1992",Radio Flyer,35000000,4651977,4651977,9303954,-25696046
99,"Sep 23, 2011",Machine Gun Preacher,30000000,538690,3721988,4260678,-25739322
55,"Mar 17, 2015",Accidental Love,26000000,0,135436,135436,-25864564
23,"Jan 4, 2002",Impostor,40000000,6114237,7974607,14088844,-25911156
53,"Aug 24, 1997",The Grimm Brothers' Snow White,26000000,5000,5000,10000,-25990000
56,"Apr 24, 2015",The Face of an Angel,26000000,0,0,0,-26000000
20,"Aug 1, 1980",Raise the Titanic,40000000,7000000,7000000,14000000,-26000000
46,"Apr 16, 1993",Bound by Honor,35000000,4496583,4496583,8993166,-26006834
74,"Oct 14, 2011",The Big Year,41000000,7204138,7684524,14888662,-26111338
17,"Dec 8, 1999",Cradle Will Rock,32000000,2899970,2899970,5799940,-26200060
47,"Feb 24, 2017",Rock Dog,60000000,9420546,24148488,33569034,-26430966
69,"Dec 31, 2015",Pourquoi j'ai pas mangÃ© mon pÃ¨re,42000000,0,15451663,15451663,-26548337
52,"Feb 20, 2004",Against the Ropes,39000000,5881504,6429865,12311369,-26688631
18,"Dec 31, 2006",The Magic Flute,27000000,0,0,0,-27000000
10,"Dec 14, 2007",Goodbye Bafana,30000000,0,2717302,2717302,-27282698
20,"Sep 26, 2008",Miracle at St. Anna,45000000,7916887,9676497,17593384,-27406616
35,"Feb 23, 2001",3000 Miles to Graceland,62000000,15738632,18708848,34447480,-27552520
65,"Dec 3, 2010",The Warrior's Way,42000000,5666340,8514325,14180665,-27819335
41,"Feb 23, 1996",Mary Reilly,47000000,5707094,12900000,18607094,-28392906
96,"Feb 27, 2009",Street Fighter: The Legend of Chun-Li,50000000,8742261,12660287,21402548,-28597452
48,"Mar 31, 2006",Basic Instinct 2,70000000,5946136,35417162,41363298,-28636702
98,"Jun 14, 2019",Shaft,30000000,600000,600000,1200000,-28800000
98,"May 12, 2000",Battlefield Earth: A Saga of the Year 3000,80000000,21471685,29725663,51197348,-28802652
100,"Feb 2, 2018",Bilal: A New Breed of Hero,30000000,490973,648599,1139572,-28860428
92,"Nov 7, 1997",Mad City,50000000,10561038,10561038,21122076,-28877924
67,"May 28, 2010",Micmacs,42000000,1259693,11756922,13016615,-28983385
30,"Sep 30, 2019",Unhinged,29000000,0,0,0,-29000000
5,"Nov 10, 2000",Red Planet,80000000,17480890,33463969,50944859,-29055141
40,"Feb 21, 2003",Gods and Generals,55000000,12882934,12923936,25806870,-29193130
21,"Apr 5, 2002",Big Trouble,45000000,7262288,8488871,15751159,-29248841
93,"Oct 13, 1995",The Scarlet Letter,50000000,10359006,10359006,20718012,-29281988
21,"Jul 29, 2005",Stealth,138000000,32116746,76416746,108533492,-29466508
11,"Dec 31, 2013",Space Pirate Captain Harlock,30000000,0,310985,310985,-29689015
6,"Jun 5, 2015",United Passions,30000000,918,168832,169750,-29830250
81,"Jan 13, 2017",Monster Trucks,125000000,33370166,61642798,95012964,-29987036
12,"Dec 31, 2003",Ripley's Game,30000000,0,0,0,-30000000
19,"Jan 28, 2000",Isn't She Great,36000000,2954405,2954405,5908810,-30091190
39,"Jan 16, 1998",Hard Rain,70000000,19870567,19870567,39741134,-30258866
69,"Jan 15, 1999",Virus,75000000,14010690,30626690,44637380,-30362620
95,"Oct 13, 1995",Jade,50000000,9812870,9812870,19625740,-30374260
49,"May 28, 2010",Agora,70000000,619423,38992292,39611715,-30388285
48,"Feb 28, 1997",Smilla's Sense of Snow,35000000,2221994,2221994,4443988,-30556012
15,"May 24, 1991",Hudson Hawk,65000000,17218916,17218916,34437832,-30562168
82,"Aug 27, 1999",The 13th Warrior,125000000,32698899,61698899,94397798,-30602202
66,"Sep 20, 1996",Last Man Standing,67000000,18115927,18115927,36231854,-30768146
21,"May 6, 2011",There Be Dragons,36000000,1069334,4020990,5090324,-30909676
41,"Jan 14, 2000",Supernova,60000000,14218868,14816494,29035362,-30964638
49,"Oct 3, 1986",Playing for Keeps,35000000,2000000,2000000,4000000,-31000000
33,"Sep 7, 2007",The Hunting Party,40000000,876671,7729552,8606223,-31393777
41,"Jan 10, 1997",Turbulence,55000000,11532774,11532774,23065548,-31934452
19,"Dec 31, 2004",George and the Dragon,32000000,0,0,0,-32000000
50,"Jan 1, 1980",Lion of the Desert,35000000,1500000,1500000,3000000,-32000000
31,"Jul 1, 1986",Pirates,40000000,1641825,6341825,7983650,-32016350
42,"Sep 22, 2006",Flyboys,60000000,13090630,14816379,27907009,-32092991
51,"Apr 19, 1996",Le hussard sur le toit,35000000,1320043,1320043,2640086,-32359914
82,"Jul 31, 2015",The Young and Prodigious T.S. Spivet,33000000,176847,357687,534534,-32465466
84,"Aug 26, 2008",Virgin Territory,38000000,0,5473041,5473041,-32526959
17,"Dec 25, 2016",Live by Night,65000000,10378555,21774432,32152987,-32847013
83,"Oct 30, 2015",Freaks of Nature,33000000,70958,70958,141916,-32858084
66,"Apr 18, 1997",McHale's Navy,42000000,4408420,4408420,8816840,-33183160
97,"Mar 29, 2002",Death to Smoochy,50000000,8355815,8374062,16729877,-33270123
52,"Nov 24, 1999",Ride With the Devil,35000000,630779,630779,1261558,-33738442
1,"Nov 26, 2003",Timeline,80000000,19480739,26703184,46183923,-33816077
54,"Oct 14, 2011",Trespass,35000000,16816,786532,803348,-34196652
22,"Apr 14, 2017",Queen of the Desert,36000000,0,1578543,1578543,-34421457
5,"Oct 2, 2015",Shanghai,50000000,46425,15505922,15552347,-34447653
56,"Mar 13, 2015",The Lovers,35000000,0,53899,53899,-34946101
57,"Dec 31, 2008",Black Water Transit,35000000,0,0,0,-35000000
67,"Aug 17, 2007",The Last Legion,67000000,5932060,25357771,31289831,-35710169
39,"Jun 21, 2019",Kursk,40000000,0,4212799,4212799,-35787201
44,"Oct 9, 1998",Holy Man,60000000,12069719,12069719,24139438,-35860562
19,"Sep 23, 2005",Oliver Twist,65000000,2070920,26670920,28741840,-36258160
83,"Nov 30, 2001",Texas Rangers,38000000,623374,623374,1246748,-36753252
100,"Jan 30, 2004",The Big Bounce,50000000,6471394,6626115,13097509,-36902491
34,"Nov 19, 1980",Heaven's Gate,44000000,3484331,3484523,6968854,-37031146
50,"Sep 17, 1982",Inchon,46000000,4408636,4408636,8817272,-37182728
1,"Mar 3, 2000",What Planet Are You From?,50000000,6291602,6291602,12583204,-37416796
32,"Dec 12, 2008",Delgo,40000000,915840,915840,1831680,-38168320
43,"Sep 22, 2006",All the King's Men,55000000,7221458,9521458,16742916,-38257084
40,"Nov 11, 2016",USS Indianapolis: Men of Courage,40000000,0,1663785,1663785,-38336215
36,"Sep 24, 2004",The Last Shot,40000000,463730,463730,927460,-39072540
46,"Aug 12, 2005",The Great Raid,60000000,10166502,10597070,20763572,-39236428
41,"Dec 31, 2014",Dragon Nest Warriors' Dawn,40000000,0,734423,734423,-39265577
37,"Mar 16, 2007",Nomad,40000000,79123,79123,158246,-39841754
42,"Dec 31, 2018",The Crow,40000000,0,0,0,-40000000
43,"Sep 13, 2019",The Goldfinch,40000000,0,0,0,-40000000
44,"Dec 31, 2019",Down Under Cover,40000000,0,0,0,-40000000
1,"Dec 17, 2010",How Do You Know?,120000000,30212620,49628177,79840797,-40159203
25,"Jan 31, 1997",Shadow Conspiracy,45000000,2154540,2154540,4309080,-40690920
2,"Apr 17, 2015",Child 44,50000000,1224330,8004221,9228551,-40771449
55,"Aug 1, 2003",Gigli,54000000,6087542,7126002,13213544,-40786456
44,"Sep 20, 2002",Ballistic: Ecks vs. Sever,70000000,14294842,14294842,28589684,-41410316
46,"May 9, 2014",Legends of Oz: Dorothyâs Return,70000000,8462347,20107933,28570280,-41429720
4,"Dec 25, 1997",The Postman,80000000,17650704,20841123,38491827,-41508173
49,"Jan 11, 2008",In the Name of the King: A Dungeon Siege Tale,60000000,4775656,13233220,18008876,-41991124
47,"Jan 16, 2015",Blackhat,70000000,8005980,19665004,27670984,-42329016
46,"May 4, 2007",Lucky You,55000000,5755286,6521829,12277115,-42722885
45,"Aug 10, 2001",Osmosis Jones,70000000,13596911,13596911,27193822,-42806178
50,"Oct 24, 2003",Beyond Borders,60000000,4426297,11427090,15853387,-44146613
26,"Dec 31, 2012",Foodfight!,45000000,0,73706,73706,-44926294
18,"Oct 27, 2000",Lucky Numbers,65000000,10014234,10014234,20028468,-44971532
35,"Apr 9, 2004",The Alamo,92000000,22406362,23911362,46317724,-45682276
68,"Oct 23, 1998",Soldier,75000000,14623082,14623082,29246164,-45753836
43,"Nov 1, 2013",Mr. Nobody,46500000,3622,22254,25876,-46474124
3,"Jan 23, 2009",Outlander,50000000,166003,1250617,1416620,-48583380
9,"Sep 20, 2019",Ad Astra,49800000,0,0,0,-49800000
7,"Nov 8, 2019",Arctic Dogs,50000000,0,0,0,-50000000
6,"Dec 31, 2020",Hannibal the Conqueror,50000000,0,0,0,-50000000
8,"Nov 22, 2019",The Rhythm Section,50000000,0,0,0,-50000000
47,"Jul 22, 1998",Lolita,55000000,1147784,1147784,2295568,-52704432
48,"Sep 20, 2002",Eye See You,55000000,79161,1807990,1887151,-53112849
53,"Nov 8, 2019",Midway,59500000,0,0,0,-59500000
52,"Dec 11, 2015",The Ridiculous 6,60000000,0,0,0,-60000000
36,"Dec 22, 1995",Cutthroat Island,92000000,10017322,18517322,28534644,-63465356
70,"Feb 23, 2001",Monkeybone,75000000,5409517,5409517,10819034,-64180966
21,"Oct 26, 2018",Air Strike,65000000,0,516279,516279,-64483721
79,"Nov 24, 2010",The Nutcracker in 3D,90000000,195459,20466016,20661475,-69338525
78,"Apr 21, 2017",The Promise,90000000,8224288,10551417,18775705,-71224295
8,"Sep 2, 2005",A Sound of Thunder,80000000,1900451,6300451,8200902,-71799098
71,"Aug 30, 2019",PLAYMOBIL,75000000,0,0,0,-75000000
72,"Dec 31, 2019",355,75000000,0,0,0,-75000000
20,"Jan 22, 2019",Renegades,77500000,0,1521672,1521672,-75978328
36,"Feb 21, 2020",Call of the Wild,82000000,0,0,0,-82000000
53,"Apr 27, 2001",Town & Country,105000000,6712451,10364769,17077220,-87922780
5,"Aug 16, 2002",The Adventures of Pluto Nash,100000000,4411102,7094995,11506097,-88493903
94,"Mar 11, 2011",Mars Needs Moms,150000000,21392758,39549758,60942516,-89057484
81,"Dec 31, 2019",Army of the Dead,90000000,0,0,0,-90000000
80,"Dec 13, 2017",Bright,90000000,0,0,0,-90000000
42,"Jun 14, 2019",Men in Black: International,110000000,3100000,3100000,6200000,-103800000
95,"Dec 31, 2020",Moonfall,150000000,0,0,0,-150000000
3,"Jun 7, 2019",Dark Phoenix,350000000,42762350,149762350,192524700,-157475300
